"DOY" "Depth" "TIN"
178 0 0.185
178 10 0.015
178 19.7 0.025
178 29.6 0.03
178 49.4 0.02
178 75.1 0.625
178 99.3 3.03
178 124 3.465
178 147.9 3.91
178 174.2 3.825
178 200 3.965
179 0 0.845
179 4 0.085
179 11.7 0.14
179 26.8 0.065
179 32.9 0.05
179 39.8 0.055
179 48.1 0.06
179 52.9 0.055
179 57.6 0.05
179 66.2 0.7
179 76.2 2.76
179 90.5 2.75
179 107.5 3.37
179 150 3.71
179 175.4 3.345
179 200 3.735
179 224.6 3.74
182 0 0.175
182 7.2 0.095
182 17.7 0.095
182 31.1 0.055
182 36.2 0.065
182 43.1 0.07
182 50 0.125
182 55.8 0.435
182 59.9 0.54
182 74.1 2.025
182 84.7 2.345
182 99.9 2.915
182 120.1 3.4
182 150.2 3.5
182 174.8 3.395
182 200 3.455
182 225.9 3.555
182 248.9 3.745
182 6.6 0.1
182 20 0.07
182 29.4 0.07
182 39.6 0.09
182 59.3 0.42
182 84.8 2.31
182 99.7 2.96
182 149.4 4.19
182 200 3.7
184 6.1 0.055
184 9.7 0.06
184 19.7 0.05
184 40.1 0.05
184 59.3 0.04
184 79.6 0.045
184 86.1 0.475
184 99.3 2.21
184 119.5 2.975
184 139 3.46
184 159 4.105
184 178.9 4.245
184 200 3.905
184 247.5 5.34
205 0 0.21
205 10 0.03
205 20.6 0.04
205 30.2 0.055
205 49.6 0.03
205 74.6 1.985
205 99.9 2.915
205 124.3 3.31
205 149.4 3.745
205 173.9 3.715
205 200 3.13
205 248.7 3.795
205 0 0.26
205 6.5 0.08
205 19.7 0.065
205 24.7 0.045
205 41.4 0.06
205 47.7 0.09
205 59.4 0.07
205 70.1 0.065
205 78 0.065
205 85.5 0.39
205 94.4 1.68
205 105.6 2.37
205 124.9 2.955
205 139.9 3.07
205 175.3 3.215
205 200 3.25
205 225 3.475
208 0 0.14
208 6.2 0.095
208 15.3 0.055
208 20.7 0.045
208 36.5 0.06
208 44.6 0.07
208 56 0.06
208 65.7 0.06
208 70.5 0.135
208 80.7 0.43
208 85.5 0.565
208 100.8 1.24
208 130.4 2.495
208 150.2 2.905
208 175.8 3.795
208 200 3.355
208 225.9 4.18
211 6.4 0.07
211 10.2 0.05
211 20.1 0.03
211 40.5 0.05
211 60.7 0.06
211 79.9 0.43
211 99.9 2.69
211 119.9 2.93
211 139.5 2.94
211 159.9 3.22
211 179.2 3.46
211 200 3.9
211 248.8 4.61
211 6.4 0.07
211 10.3 0.3
211 20.4 0.03
211 40 0.03
211 60.1 0.04
211 79.8 2.16
211 99.7 0.49
211 119.8 2.2
211 139.7 2.99
211 159.3 3.39
211 179.1 3.59
211 200 3.65
211 249 3.99
211 6.5 0.05
211 10.4 0.03
211 20.4 0.04
211 40.3 0.06
211 60.3 0.05
211 79.8 0.08
211 99.5 1.315
211 119.9 2.42
211 139.2 2.99
211 159.3 3.4
211 179.6 4.16
211 200 4.3
211 249.8 3.97
211 6.6 0.05
211 10.4 0.03
211 20.6 0.03
211 40 0.11
211 59.7 0.04
211 80.3 0.03
211 99.4 1.62
211 119.6 2.68
211 139.4 2.96
211 159.6 3.27
211 179.4 3.59
211 200 3.76
211 248 4.06
212 6.8 0.06
212 10.7 0.04
212 20.6 0.04
212 40.4 0.05
212 60.2 0.04
212 79.9 0.11
212 99.8 1.445
212 120 2.54
212 139.7 2.9
212 159.4 3.29
212 179.3 3.34
212 200 3.9
212 248.4 3.56
118 0 0.13
118 5 0.115
118 9.7 0.13
118 20.2 0.16
118 25.2 0.185
118 30 0.19
118 34.7 0.22
118 39.5 0.345
118 55.3 0.295
118 69.1 0.495
118 84.8 1.295
118 100.9 3.71
118 125 2.79
118 150.7 3.405
118 174.6 4.405
118 200 5.625
118 224.8 6.93
118 250 8.15
119 0 0.13
119 9.9 0.01
119 19.9 0.03
119 30 0.03
119 49.6 0.19
119 74.4 1.175
119 98.5 2.365
119 123.1 2.64
119 148.6 2.065
119 173.6 2.29
119 200 2.385
120 0 0.16
120 4.6 0.16
120 9.5 0.17
120 19.5 0.145
120 24.5 0.18
120 29.6 0.155
120 34.2 0.165
120 40.2 0.17
120 45 0.525
120 54.8 1.065
120 74.7 2.435
120 100 2.06
120 124.5 2.905
120 149.9 3.21
120 174.8 3.585
120 200 3.96
120 224.5 4.94
120 249.7 5.42
44 0 0.545
44 9.7 0.45
44 20.2 0.46
44 30.4 0.585
44 49.9 0.84
44 74.5 1
44 98.6 1.215
44 124.1 1.76
44 149.9 1.745
44 174.2 1.975
44 200 2.635
44 248.7 6.245
45 0 0.67
45 5.7 0.56
45 15.3 0.58
45 25.2 0.55
45 34.4 0.655
45 45.2 0.635
45 49.8 0.865
45 60.2 1.07
45 75.5 1.13
45 80.2 1.115
45 90.2 1.26
45 99.5 1.28
45 124.7 1.72
45 150.2 1.955
45 175.5 2.175
45 200 3.06
45 225.6 5.3
48 0 0.865
48 5.5 0.685
48 15.1 0.66
48 20.7 0.7
48 30.9 0.68
48 40 0.645
48 54.9 0.51
48 60.1 0.53
48 70.3 0.615
48 84.5 0.655
48 89.8 0.71
48 100.9 0.8
48 125.4 1.37
48 150.3 2.285
48 175.8 2.57
48 200 4.355
48 225.1 5.8
310 0 0.0665
310 4.4 0.0085
310 10.1 0.0335
310 24.4 0.017
310 49.6 0.0315
310 74.7 0.191
310 99.4 3.4235
310 123.8 3.2225
310 149.6 4.8095
310 173.5 3.9895
310 200 3.9865
310 247 6.038
311 0 0.154
311 9.6 0.1005
311 19.7 0.058
311 29.8 0.0445
311 39.9 0.063
311 50.4 0.062
311 65 0.0815
311 75.7 0.07
311 91 0.222
311 95.5 0.449
311 105.8 0.883
311 105.9 0.8855
311 125.3 1.8915
311 150.4 3.644
311 175.4 3.8535
311 200 3.841
311 226 4.2445
313 0 0.0665
313 5.7 0.0515
313 10 0.036
313 19.6 0.0405
313 34.5 0.0455
313 40.2 0.0365
313 54.4 0.0375
313 65.3 0.038
313 70 0.0415
313 79.8 0.0405
313 94.9 0.0465
313 110.1 0.5085
313 125.4 1.241
313 149.8 3.2975
313 174.4 4.4645
313 200 4.692
313 225.6 6.319
313 249.6 6.5955
31 0 0.075
31 9.6 0.075
31 20.1 0.04
31 29.8 0.06
31 50 0.205
31 74.8 0.735
31 99.1 0.775
31 124 0.88
31 148.3 2.265
31 173.8 3.35
31 200 3.77
31 248.5 5.075
31 0 0.53
31 4.8 0.385
31 15.1 0.34
31 24.7 0.355
31 34.7 0.415
31 45 0.43
31 49.9 0.47
31 64.2 0.645
31 69.8 0.61
31 80.1 0.645
31 90.4 0.725
31 100.1 0.79
31 125 1.495
31 150.3 2.93
31 174.9 3.585
31 200 4.375
31 224.7 4.71
31 249.9 5.695
33 0 0.185
33 5 0.125
33 14.7 0.12
33 19.7 0.135
33 30.4 0.145
33 39.3 0.175
33 50.5 0.24
33 60.4 0.28
33 70.3 0.26
33 85.4 0.355
33 91.2 0.405
33 99 0.575
33 124 0.715
33 150.9 0.79
33 175.4 2.66
33 200 3.325
33 226.4 3.935
33 250 4.49
39 0 0.63
39 5.6 0.52
39 15.6 0.51
39 19.7 0.595
39 30.9 0.51
39 40.7 0.59
39 50.3 0.615
39 59.7 0.615
39 70.4 0.645
39 84.4 1.065
39 89.8 1.21
39 100.4 2.71
39 125.9 2.895
39 149.9 3.455
39 175.1 3.765
39 200 4.505
39 225.2 4.81
40 0 1.05
40 5.1 1.025
40 10.4 1.015
40 19.9 1.07
40 30.3 1
40 39.9 1.03
40 49.9 1.015
40 60.5 1.025
40 70.2 1.02
40 80.9 1.03
40 89.5 1.05
40 100.3 1.09
40 125.3 1.015
40 150.3 1.265
40 175 3.445
40 200 4.12
40 224.3 4.965
41 0 0.76
41 9.9 0.735
41 20 0.74
41 30.1 0.775
41 49 0.735
41 74.3 0.8
41 99 0.76
41 124.4 0.775
41 148.5 1.16
41 173.8 1.875
41 200 3.795
41 248.3 5.21
41 0 0.33
41 5.7 0.265
41 10.1 0.29
41 20.2 0.265
41 34.8 0.31
41 40 0.39
41 50 0.57
41 60.1 0.485
41 70.8 0.905
41 80 1.58
41 94.9 2.75
41 100.9 2.87
41 125.3 3.45
41 150.3 3.87
41 175 4.165
41 200 4.385
41 225.6 5.02
258 0 0.03
258 12 0
258 27 0
258 52 0
258 77 0.06
258 77 0.1
258 102 1.7
258 126 2.15
258 149 3.1
258 200 3.49
258 250 3.68
52 0 0.96
52 10 0.96
52 26 0.93
52 51 0.98
52 77 1.15
52 100 1.21
52 127 2.01
52 150 2.33
52 200 5.22
52 249 7.18
52 249 7.17
347 0 0.07
347 12 0.02
347 27 0.09
347 52 0.11
347 78 0.11
347 103 0.37
347 127 2.71
347 152 3.88
347 200 4.44
341 0 0
341 11 0
341 26 0
341 50 0
341 76 0
341 100 0.24
341 126 1.08
341 152 0.64
341 200 2.97
278 0 0.04
278 13 0.02
278 28 0.02
278 52 0
278 76 0.02
278 102 0.01
278 127 0.11
278 153 1.04
278 200 3.96
343 0 0
343 12 0
343 27 0
343 52 0
343 76 0
343 102 0.63
343 127 2
343 151 3.04
343 200 3.65
191 0 0.03
191 11 0
191 26 0
191 51 0
191 77 0.16
191 102 3.13
191 127 3.64
191 150 3.83
191 200 4.14
119 0 0.1
119 11 0.11
119 26 0.08
119 50 1.13
119 75 2.25
119 101 2.38
119 126 2.36
119 150 2.5
119 200 2.37
119 250 2.6
195 0 0.175
195 10.1 0.075
195 20.2 0.07
195 29.8 0.055
195 49.6 0.05
195 74.8 0.05
195 99.3 0.085
195 123.8 0.565
195 149.3 1.345
195 174.1 1.64
195 200 1.835
195 249.1 2.075
195 0 0.185
195 7.9 0.07
195 21 0.075
195 34.8 0.065
195 39.9 0.065
195 45.2 0.07
195 55.1 0.06
195 60.4 0.065
195 64.8 0.07
195 71 0.08
195 81.2 0.2
195 99.9 1.105
195 125 1.525
195 150.9 0.615
195 175.4 1.3
195 200 2.24
195 224.5 2.165
197 0 0.09
197 6.3 0.065
197 10.7 0.085
197 19.9 0.065
197 40.2 0.075
197 59.7 0.08
197 79.5 0.085
197 99.6 0.535
197 120.3 1.245
197 139.4 1.49
197 159.8 1.645
197 179.7 1.765
197 200 1.8
197 248.2 2.095
71 0 0.42
71 11 0.47
71 26 0.45
71 50 0.47
71 76 1.58
71 101 2.09
71 125 2.41
71 149 2.27
71 200 2.35
71 250 2.39
119 0 0.02
119 12 0.02
119 27 0
119 52 0
119 77 0.39
119 102 2.06
119 124 2.31
119 151 2.44
119 200 2.82
104 4 0.05
104 24 0.06
104 50 0.24
104 73 0.53
104 99 2.01
104 148 2.68
104 200 2.59
104 248 2.98
15 1.25 0.414575263857841
15 5 0.392426289618015
15 10 0.388745725154877
15 15 0.442955702543259
15 20 0.438447095453739
15 25 0.455735251307487
15 30 0.462118670344353
15 35 0.48186020553112
15 40 0.489040851593018
15 45 0.496122322976589
15 50 0.505946174263954
15 55 0.511020250618458
15 60 0.515984833240509
15 65 0.501401945948601
15 70 0.500068485736847
15 75 0.495570525527
15 80 0.510037370026112
15 85 0.544255934655666
15 90 0.575771622359753
15 95 0.604034289717674
15 105 0.840655893087387
15 125 1.22141198813915
15 150 1.61389872431755
15 175 2.67072355747223
15 200 3.6426762342453
15 225 4.27814638614655
15 250 4.59618842601776
45 1.25 3.04221642017365
45 5 3.13059514760971
45 10 2.66234701871872
45 15 2.36988705396652
45 20 2.16203504800797
45 25 2.66562539339066
45 30 2.91896402835846
45 35 2.79060107469559
45 40 2.596774995327
45 45 2.35527002811432
45 50 2.17879039049149
45 55 2.44837117195129
45 60 2.12834799289703
45 65 1.75146135687828
45 70 1.42058151960373
45 75 1.4943568110466
45 80 1.73129007220268
45 85 1.83539488911629
45 90 1.89889547228813
45 95 2.27800989151001
45 105 2.97435808181763
45 125 2.88801068067551
45 150 3.13738667964935
45 175 4.23308992385864
45 200 7.65406334400177
45 225 9.64900207519531
45 250 11.157696723938
75 1.25 0.645478159189224
75 5 0.619917742908001
75 10 0.592949293553829
75 15 0.594318777322769
75 20 0.601374335587025
75 25 0.600426539778709
75 30 0.683972775936127
75 35 0.706632733345032
75 40 0.715552523732185
75 45 0.716351598501205
75 50 0.723366245627403
75 55 0.722297683358192
75 60 0.729696527123451
75 65 0.741411864757538
75 70 0.764208674430847
75 75 0.76140969991684
75 80 0.814659312367439
75 85 0.797338292002678
75 90 0.814213812351227
75 95 0.832920268177986
75 105 0.808484569191933
75 125 1.50214970111847
75 150 1.61693644523621
75 175 2.24659249186516
75 200 2.95703917741776
75 225 3.45262598991394
75 250 4.04428988695145
105 1.25 0.0555260824039578
105 5 0.0552333099767566
105 10 0.0578877627849579
105 15 0.0694241430610418
105 20 0.0857646036893129
105 25 0.11723356321454
105 30 0.145628582686186
105 35 0.237127311527729
105 40 0.327103730291128
105 45 0.416221849620342
105 50 0.464723847806454
105 55 0.637658923864365
105 60 0.849480375647545
105 65 1.06722863018513
105 70 1.24553632736206
105 75 1.09406812489033
105 80 1.25880235433578
105 85 1.39930438995361
105 90 1.54729980230331
105 95 1.6755753159523
105 105 1.75700542330742
105 125 2.23544311523438
105 150 2.54478085041046
105 175 3.00488013029099
105 200 3.37884926795959
105 225 4.05993849039078
105 250 4.69127511978149
135 1.25 0.00138675017660717
135 5 0.000566056856769137
135 10 0.00267925095977262
135 15 0.0032903469982557
135 20 0.00425123749300838
135 25 0.00358994959970005
135 30 0.00644334632670507
135 35 0.00813300936715677
135 40 0.0135872992104851
135 45 0.0234059004578739
135 50 0.0778715396299958
135 55 0.244345143437386
135 60 0.418206736445427
135 65 0.603347629308701
135 70 0.783754870295525
135 75 0.892609849572182
135 80 0.993650078773499
135 85 1.11193369328976
135 90 1.23020032048225
135 95 1.34900200366974
135 105 1.4823999106884
135 125 1.88169091939926
135 150 2.29852974414825
135 175 2.57564693689346
135 200 3.10488283634186
135 225 3.64827179908752
135 250 4.17774617671967
165 1.25 0.0483664143830538
165 5 0.0338490838184953
165 10 0.0756756775081158
165 15 0.0714405495673418
165 20 0.0666854903101921
165 25 0.0716314241290092
165 30 0.0647642724215984
165 35 0.0592522751539946
165 40 0.0440350258722901
165 45 0.0427622203715146
165 50 0.0538065396249294
165 55 0.14896584302187
165 60 0.259393010288477
165 65 0.376219563186169
165 70 0.477460622787476
165 75 0.612197831273079
165 80 0.732234716415405
165 85 0.919373661279678
165 90 1.16798320412636
165 95 1.3052536547184
165 105 1.52126404643059
165 125 2.47590231895447
165 150 3.26760596036911
165 175 3.7419461607933
165 200 4.24568617343903
165 225 4.98572373390198
165 250 5.2761298418045
195 1.25 0.0171088017523289
195 5 0.0138975498266518
195 10 0.00929303176235408
195 15 0.00762388834846206
195 20 0.00905628806503955
195 25 0.0105313849635422
195 30 0.0352618687320501
195 35 0.0150716515490785
195 40 0.0159730081213638
195 45 0.0187174652237445
195 50 0.153164464049041
195 55 0.129263358190656
195 60 0.145540006458759
195 65 0.155661618337035
195 70 0.171879466623068
195 75 0.185548977926373
195 80 0.315852085128427
195 85 0.485450273379683
195 90 0.704553917050362
195 95 0.904780007898808
195 105 1.55635049939156
195 125 2.52818405628204
195 150 2.48020988702774
195 175 3.33236086368561
195 200 3.3346654176712
195 225 4.21256446838379
195 250 5.1656619310379
225 1.25 0.254442293196917
225 5 0.201386675238609
225 10 0.198583971709013
225 15 0.19367815554142
225 20 0.196768168359995
225 25 0.189902782440186
225 30 0.173326015472412
225 35 0.18971836566925
225 40 0.193578463047743
225 45 0.202494110912085
225 50 0.208412852138281
225 55 0.233798258006573
225 60 0.261822383850813
225 65 0.30503398552537
225 70 0.357578910887241
225 75 0.863907650113106
225 80 1.10214975476265
225 85 1.34710219502449
225 90 1.5229649245739
225 95 1.73973128199577
225 105 1.41777592897415
225 125 2.26918148994446
225 150 3.06855076551437
225 175 3.19779336452484
225 200 3.39716243743896
225 225 3.90453106164932
225 250 4.1558119058609
255 1.25 0.0769606027752161
255 5 0.0720836110413074
255 10 0.126909259706736
255 15 0.0928300321102142
255 20 0.0566566893830895
255 25 0.0535896383225918
255 30 0.0307786343619227
255 35 0.00224734169023577
255 40 0.00135505944490433
255 45 1.85688259080052e-05
255 50 0.00602345034712926
255 55 0.0237394445575774
255 60 0.0322228376753628
255 65 0.0550849791616201
255 70 0.0665158610790968
255 75 0.0351540995761752
255 80 0.0433207554742694
255 85 0.0349569208920002
255 90 0.0333141130395234
255 95 0.0211743889376521
255 105 0.0215872181579471
255 125 0.127670364454389
255 150 0.0784093430265784
255 175 0.27277622371912
255 200 0.864733844995499
255 225 2.89694458246231
255 250 0.844029515981674
285 1.25 0.174022164195776
285 5 0.202163215726614
285 10 0.201666496694088
285 15 0.199432875961065
285 20 0.197969697415829
285 25 0.19730194658041
285 30 0.195413142442703
285 35 0.197021741420031
285 40 0.200272861868143
285 45 0.203887809067965
285 50 0.209096632897854
285 55 0.221058912575245
285 60 0.238139484077692
285 65 0.265470419079065
285 70 0.287598058581352
285 75 0.38470596075058
285 80 0.51991431415081
285 85 0.672489479184151
285 90 0.821488961577415
285 95 0.985604852437973
285 105 1.16729395091534
285 125 2.27243882417679
285 150 3.10861498117447
285 175 3.49835270643234
285 200 3.75966060161591
285 225 4.3139568567276
285 250 4.94606494903564
315 1.25 0.0256061251275241
315 5 0.0204600775614381
315 10 0.0266935802064836
315 15 0.0269395895302296
315 20 0.0282603846862912
315 25 0.0271601770073175
315 30 0.0246923163067549
315 35 0.020550844958052
315 40 0.0164629227947444
315 45 0.0122502750600688
315 50 0.0177829295862466
315 55 0.0416704663075507
315 60 0.0871068453416228
315 65 0.15008999966085
315 70 0.210671178996563
315 75 0.326917130500078
315 80 0.480292037129402
315 85 0.673289209604263
315 90 0.876125812530518
315 95 1.02749489247799
315 105 1.02081163227558
315 125 2.10207262635231
315 150 2.82588344812393
315 175 3.43694597482681
315 200 3.84359854459763
315 225 4.0973544716835
315 250 4.41226530075073
345 1.25 0.0331219523213804
345 5 0.0412820130586624
345 10 0.0411354140378535
345 15 0.0443964689038694
345 20 0.0501127149909735
345 25 0.0422774706967175
345 30 0.0502505674958229
345 35 0.0739083392545581
345 40 0.106526110321283
345 45 0.118919193744659
345 50 0.123859351500869
345 55 0.0800273958593607
345 60 0.0767495892941952
345 65 0.0739700011909008
345 70 0.0732096852734685
345 75 0.0867470167577267
345 80 0.274240825325251
345 85 0.549585446715355
345 90 0.764079540967941
345 95 0.975525185465813
345 105 1.1989474594593
345 125 2.27505549788475
345 150 2.96592473983765
345 175 3.07295942306519
345 200 1.21907615661621
345 225 3.71722537279129
345 250 4.10912638902664
