    DOY     Depth     Data_type    Mod_Value
  178.0     0.0       TIN     4.5480E-05
  178.0    10.0       TIN     4.5587E-05
  178.0    19.7       TIN     4.5789E-05
  178.0    29.6       TIN     4.6117E-05
  178.0    49.4       TIN     4.8123E-05
  178.0    75.1       TIN     4.5383E-04
  178.0    99.3       TIN     8.1201E-01
  178.0   124.0       TIN     1.5786E+00
  178.0   147.9       TIN     2.0653E+00
  178.0   174.2       TIN     2.6977E+00
  178.0   200.0       TIN     3.3476E+00
  179.0     0.0       TIN     4.5457E-05
  179.0     4.0       TIN     4.5478E-05
  179.0    11.7       TIN     4.5591E-05
  179.0    26.8       TIN     4.5984E-05
  179.0    32.9       TIN     4.6253E-05
  179.0    39.8       TIN     4.6709E-05
  179.0    48.1       TIN     4.7796E-05
  179.0    52.9       TIN     4.8970E-05
  179.0    57.6       TIN     5.0603E-05
  179.0    66.2       TIN     8.6512E-05
  179.0    76.2       TIN     5.3394E-04
  179.0    90.5       TIN     3.9582E-01
  179.0   107.5       TIN     1.1353E+00
  179.0   150.0       TIN     2.1126E+00
  179.0   175.4       TIN     2.7290E+00
  179.0   200.0       TIN     3.3474E+00
  179.0   224.6       TIN     3.8242E+00
  182.0     0.0       TIN     4.5386E-05
  182.0     7.2       TIN     4.5448E-05
  182.0    17.7       TIN     4.5646E-05
  182.0    31.1       TIN     4.6083E-05
  182.0    36.2       TIN     4.6363E-05
  182.0    43.1       TIN     4.6963E-05
  182.0    50.0       TIN     4.8147E-05
  182.0    55.8       TIN     4.9876E-05
  182.0    59.9       TIN     5.5326E-05
  182.0    74.1       TIN     3.7699E-04
  182.0    84.7       TIN     1.2335E-01
  182.0    99.9       TIN     8.4006E-01
  182.0   120.1       TIN     1.4916E+00
  182.0   150.2       TIN     2.1179E+00
  182.0   174.8       TIN     2.7136E+00
  182.0   200.0       TIN     3.3468E+00
  182.0   225.9       TIN     3.8403E+00
  182.0   248.9       TIN     3.9861E+00
  182.0     6.6       TIN     4.5439E-05
  182.0    20.0       TIN     4.5702E-05
  182.0    29.4       TIN     4.6013E-05
  182.0    39.6       TIN     4.6618E-05
  182.0    59.3       TIN     5.3712E-05
  182.0    84.8       TIN     1.2804E-01
  182.0    99.7       TIN     8.3057E-01
  182.0   149.4       TIN     2.1000E+00
  182.0   200.0       TIN     3.3468E+00
  184.0     6.1       TIN     4.5387E-05
  184.0     9.7       TIN     4.5442E-05
  184.0    19.7       TIN     4.5647E-05
  184.0    40.1       TIN     4.6606E-05
  184.0    59.3       TIN     5.3633E-05
  184.0    79.6       TIN     3.5296E-02
  184.0    86.1       TIN     1.8843E-01
  184.0    99.3       TIN     8.1140E-01
  184.0   119.5       TIN     1.4785E+00
  184.0   139.0       TIN     1.8846E+00
  184.0   159.0       TIN     2.3177E+00
  184.0   178.9       TIN     2.8202E+00
  184.0   200.0       TIN     3.3464E+00
  184.0   247.5       TIN     3.9851E+00
  205.0     0.0       TIN     4.4869E-05
  205.0    10.0       TIN     4.4973E-05
  205.0    20.6       TIN     4.5191E-05
  205.0    30.2       TIN     4.5509E-05
  205.0    49.6       TIN     4.7429E-05
  205.0    74.6       TIN     3.9491E-04
  205.0    99.9       TIN     8.3785E-01
  205.0   124.3       TIN     1.5924E+00
  205.0   149.4       TIN     2.1068E+00
  205.0   173.9       TIN     2.6921E+00
  205.0   200.0       TIN     3.3420E+00
  205.0   248.7       TIN     3.9752E+00
  205.0     0.0       TIN     4.4869E-05
  205.0     6.5       TIN     4.4920E-05
  205.0    19.7       TIN     4.5169E-05
  205.0    24.7       TIN     4.5310E-05
  205.0    41.4       TIN     4.6199E-05
  205.0    47.7       TIN     4.7020E-05
  205.0    59.4       TIN     5.3100E-05
  205.0    70.1       TIN     1.2346E-04
  205.0    78.0       TIN     8.3843E-03
  205.0    85.5       TIN     1.5472E-01
  205.0    94.4       TIN     5.7482E-01
  205.0   105.6       TIN     1.0618E+00
  205.0   124.9       TIN     1.6061E+00
  205.0   139.9       TIN     1.9095E+00
  205.0   175.3       TIN     2.7281E+00
  205.0   200.0       TIN     3.3420E+00
  205.0   225.0       TIN     3.8203E+00
  208.0     0.0       TIN     4.4804E-05
  208.0     6.2       TIN     4.4851E-05
  208.0    15.3       TIN     4.5004E-05
  208.0    20.7       TIN     4.5127E-05
  208.0    36.5       TIN     4.5768E-05
  208.0    44.6       TIN     4.6487E-05
  208.0    56.0       TIN     4.9101E-05
  208.0    65.7       TIN     7.9525E-05
  208.0    70.5       TIN     1.2711E-04
  208.0    80.7       TIN     5.0552E-02
  208.0    85.5       TIN     1.5391E-01
  208.0   100.8       TIN     8.7328E-01
  208.0   130.4       TIN     1.7205E+00
  208.0   150.2       TIN     2.1254E+00
  208.0   175.8       TIN     2.7411E+00
  208.0   200.0       TIN     3.3413E+00
  208.0   225.9       TIN     3.8295E+00
  211.0     6.4       TIN     4.4788E-05
  211.0    10.2       TIN     4.4846E-05
  211.0    20.1       TIN     4.5047E-05
  211.0    40.5       TIN     4.5985E-05
  211.0    60.7       TIN     5.6279E-05
  211.0    79.9       TIN     3.7758E-02
  211.0    99.9       TIN     8.3725E-01
  211.0   119.9       TIN     1.4933E+00
  211.0   139.5       TIN     1.9033E+00
  211.0   159.9       TIN     2.3459E+00
  211.0   179.2       TIN     2.8285E+00
  211.0   200.0       TIN     3.3407E+00
  211.0   248.8       TIN     3.9723E+00
  211.0     6.4       TIN     4.4788E-05
  211.0    10.3       TIN     4.4847E-05
  211.0    20.4       TIN     4.5054E-05
  211.0    40.0       TIN     4.5949E-05
  211.0    60.1       TIN     5.4712E-05
  211.0    79.8       TIN     3.6206E-02
  211.0    99.7       TIN     8.2766E-01
  211.0   119.8       TIN     1.4910E+00
  211.0   139.7       TIN     1.9073E+00
  211.0   159.3       TIN     2.3313E+00
  211.0   179.1       TIN     2.8259E+00
  211.0   200.0       TIN     3.3407E+00
  211.0   249.0       TIN     3.9723E+00
  211.0     6.5       TIN     4.4790E-05
  211.0    10.4       TIN     4.4849E-05
  211.0    20.4       TIN     4.5054E-05
  211.0    40.3       TIN     4.5971E-05
  211.0    60.3       TIN     5.5234E-05
  211.0    79.8       TIN     3.6206E-02
  211.0    99.5       TIN     8.1808E-01
  211.0   119.9       TIN     1.4933E+00
  211.0   139.2       TIN     1.8972E+00
  211.0   159.3       TIN     2.3313E+00
  211.0   179.6       TIN     2.8388E+00
  211.0   200.0       TIN     3.3407E+00
  211.0   249.8       TIN     3.9723E+00
  211.0     6.6       TIN     4.4791E-05
  211.0    10.4       TIN     4.4849E-05
  211.0    20.6       TIN     4.5059E-05
  211.0    40.0       TIN     4.5949E-05
  211.0    59.7       TIN     5.3667E-05
  211.0    80.3       TIN     4.3968E-02
  211.0    99.4       TIN     8.1328E-01
  211.0   119.6       TIN     1.4865E+00
  211.0   139.4       TIN     1.9013E+00
  211.0   159.6       TIN     2.3386E+00
  211.0   179.4       TIN     2.8336E+00
  211.0   200.0       TIN     3.3407E+00
  211.0   248.0       TIN     3.9723E+00
  212.0     6.8       TIN     4.4772E-05
  212.0    10.7       TIN     4.4832E-05
  212.0    20.6       TIN     4.5037E-05
  212.0    40.4       TIN     4.5955E-05
  212.0    60.2       TIN     5.4935E-05
  212.0    79.9       TIN     3.7664E-02
  212.0    99.8       TIN     8.3235E-01
  212.0   120.0       TIN     1.4958E+00
  212.0   139.7       TIN     1.9076E+00
  212.0   159.4       TIN     2.3339E+00
  212.0   179.3       TIN     2.8311E+00
  212.0   200.0       TIN     3.3405E+00
  212.0   248.4       TIN     3.9719E+00
  118.0     0.0       TIN     4.7028E-05
  118.0     5.0       TIN     4.7064E-05
  118.0     9.7       TIN     4.7137E-05
  118.0    20.2       TIN     4.7373E-05
  118.0    25.2       TIN     4.7535E-05
  118.0    30.0       TIN     4.7735E-05
  118.0    34.7       TIN     4.8004E-05
  118.0    39.5       TIN     4.8383E-05
  118.0    55.3       TIN     5.2160E-05
  118.0    69.1       TIN     1.2300E-04
  118.0    84.8       TIN     1.4418E-01
  118.0   100.9       TIN     8.8295E-01
  118.0   125.0       TIN     1.5841E+00
  118.0   150.7       TIN     2.1099E+00
  118.0   174.6       TIN     2.7037E+00
  118.0   200.0       TIN     3.3606E+00
  118.0   224.8       TIN     3.8532E+00
  118.0   250.0       TIN     4.0170E+00
  119.0     0.0       TIN     4.7000E-05
  119.0     9.9       TIN     4.7112E-05
  119.0    19.9       TIN     4.7337E-05
  119.0    30.0       TIN     4.7706E-05
  119.0    49.6       TIN     5.0038E-05
  119.0    74.4       TIN     4.5319E-04
  119.0    98.5       TIN     7.7989E-01
  119.0   123.1       TIN     1.5427E+00
  119.0   148.6       TIN     2.0624E+00
  119.0   173.6       TIN     2.6770E+00
  119.0   200.0       TIN     3.3603E+00
  120.0     0.0       TIN     4.6972E-05
  120.0     4.6       TIN     4.7002E-05
  120.0     9.5       TIN     4.7077E-05
  120.0    19.5       TIN     4.7297E-05
  120.0    24.5       TIN     4.7454E-05
  120.0    29.6       TIN     4.7660E-05
  120.0    34.2       TIN     4.7915E-05
  120.0    40.2       TIN     4.8381E-05
  120.0    45.0       TIN     4.8979E-05
  120.0    54.8       TIN     5.1848E-05
  120.0    74.7       TIN     4.7794E-04
  120.0   100.0       TIN     8.4892E-01
  120.0   124.5       TIN     1.5737E+00
  120.0   149.9       TIN     2.0923E+00
  120.0   174.8       TIN     2.7092E+00
  120.0   200.0       TIN     3.3601E+00
  120.0   224.5       TIN     3.8471E+00
  120.0   249.7       TIN     4.0160E+00
   44.0     0.0       TIN     4.9428E-05
   44.0     9.7       TIN     4.9549E-05
   44.0    20.2       TIN     4.9812E-05
   44.0    30.4       TIN     5.0242E-05
   44.0    49.9       TIN     5.3291E-05
   44.0    74.5       TIN     5.3688E-04
   44.0    98.6       TIN     7.8430E-01
   44.0   124.1       TIN     1.5404E+00
   44.0   149.9       TIN     2.0668E+00
   44.0   174.2       TIN     2.6867E+00
   44.0   200.0       TIN     3.3771E+00
   44.0   248.7       TIN     4.0537E+00
   45.0     0.0       TIN     4.9388E-05
   45.0     5.7       TIN     4.9438E-05
   45.0    15.3       TIN     4.9632E-05
   45.0    25.2       TIN     4.9953E-05
   45.0    34.4       TIN     5.0473E-05
   45.0    45.2       TIN     5.1795E-05
   45.0    49.8       TIN     5.3199E-05
   45.0    60.2       TIN     6.5263E-05
   45.0    75.5       TIN     6.3837E-04
   45.0    80.2       TIN     5.6431E-02
   45.0    90.2       TIN     4.0281E-01
   45.0    99.5       TIN     8.2529E-01
   45.0   124.7       TIN     1.5535E+00
   45.0   150.2       TIN     2.0742E+00
   45.0   175.5       TIN     2.7228E+00
   45.0   200.0       TIN     3.3769E+00
   45.0   225.6       TIN     3.8966E+00
   48.0     0.0       TIN     4.9270E-05
   48.0     5.5       TIN     4.9317E-05
   48.0    15.1       TIN     4.9508E-05
   48.0    20.7       TIN     4.9666E-05
   48.0    30.9       TIN     5.0104E-05
   48.0    40.0       TIN     5.0869E-05
   48.0    54.9       TIN     5.5852E-05
   48.0    60.1       TIN     6.4620E-05
   48.0    70.3       TIN     1.4668E-04
   48.0    84.5       TIN     1.4513E-01
   48.0    89.8       TIN     3.8477E-01
   48.0   100.9       TIN     8.8097E-01
   48.0   125.4       TIN     1.5695E+00
   48.0   150.3       TIN     2.0776E+00
   48.0   175.8       TIN     2.7313E+00
   48.0   200.0       TIN     3.3762E+00
   48.0   225.1       TIN     3.8889E+00
  310.0     0.0       TIN     4.2864E-05
  310.0     4.4       TIN     4.2887E-05
  310.0    10.1       TIN     4.2960E-05
  310.0    24.4       TIN     4.3253E-05
  310.0    49.6       TIN     4.5034E-05
  310.0    74.7       TIN     3.2714E-04
  310.0    99.4       TIN     8.0076E-01
  310.0   123.8       TIN     1.6057E+00
  310.0   149.6       TIN     2.1399E+00
  310.0   173.5       TIN     2.6901E+00
  310.0   200.0       TIN     3.3206E+00
  310.0   247.0       TIN     3.9266E+00
  311.0     0.0       TIN     4.2847E-05
  311.0     9.6       TIN     4.2936E-05
  311.0    19.7       TIN     4.3119E-05
  311.0    29.8       TIN     4.3404E-05
  311.0    39.9       TIN     4.3904E-05
  311.0    50.4       TIN     4.5154E-05
  311.0    65.0       TIN     6.7706E-05
  311.0    75.7       TIN     3.7908E-04
  311.0    91.0       TIN     3.8580E-01
  311.0    95.5       TIN     6.0692E-01
  311.0   105.8       TIN     1.0687E+00
  311.0   105.9       TIN     1.0728E+00
  311.0   125.3       TIN     1.6417E+00
  311.0   150.4       TIN     2.1575E+00
  311.0   175.4       TIN     2.7368E+00
  311.0   200.0       TIN     3.3204E+00
  311.0   226.0       TIN     3.7886E+00
  313.0     0.0       TIN     4.2813E-05
  313.0     5.7       TIN     4.2851E-05
  313.0    10.0       TIN     4.2908E-05
  313.0    19.6       TIN     4.3082E-05
  313.0    34.5       TIN     4.3565E-05
  313.0    40.2       TIN     4.3886E-05
  313.0    54.4       TIN     4.5959E-05
  313.0    65.3       TIN     7.0305E-05
  313.0    70.0       TIN     1.1232E-04
  313.0    79.8       TIN     2.6689E-02
  313.0    94.9       TIN     5.7668E-01
  313.0   110.1       TIN     1.2276E+00
  313.0   125.4       TIN     1.6445E+00
  313.0   149.8       TIN     2.1450E+00
  313.0   174.4       TIN     2.7124E+00
  313.0   200.0       TIN     3.3200E+00
  313.0   225.6       TIN     3.7842E+00
  313.0   249.6       TIN     3.9252E+00
   31.0     0.0       TIN     5.0011E-05
   31.0     9.6       TIN     5.0132E-05
   31.0    20.1       TIN     5.0401E-05
   31.0    29.8       TIN     5.0817E-05
   31.0    50.0       TIN     5.4117E-05
   31.0    74.8       TIN     5.8115E-04
   31.0    99.1       TIN     8.0415E-01
   31.0   124.0       TIN     1.5332E+00
   31.0   148.3       TIN     2.0246E+00
   31.0   173.8       TIN     2.6745E+00
   31.0   200.0       TIN     3.3801E+00
   31.0   248.5       TIN     4.0603E+00
   31.0     0.0       TIN     5.0011E-05
   31.0     4.8       TIN     5.0048E-05
   31.0    15.1       TIN     5.0256E-05
   31.0    24.7       TIN     5.0572E-05
   31.0    34.7       TIN     5.1152E-05
   31.0    45.0       TIN     5.2489E-05
   31.0    49.9       TIN     5.4077E-05
   31.0    64.2       TIN     7.9985E-05
   31.0    69.8       TIN     1.4272E-04
   31.0    80.1       TIN     5.3721E-02
   31.0    90.4       TIN     4.0916E-01
   31.0   100.1       TIN     8.4817E-01
   31.0   125.0       TIN     1.5543E+00
   31.0   150.3       TIN     2.0716E+00
   31.0   174.9       TIN     2.7051E+00
   31.0   200.0       TIN     3.3801E+00
   31.0   224.7       TIN     3.8891E+00
   31.0   249.9       TIN     4.0603E+00
   33.0    10.1       TIN     5.0043E-05
   33.0    98.9       TIN     7.9561E-01
   33.0   200.0       TIN     3.3797E+00
   33.0     0.0       TIN     4.9913E-05
   33.0     5.0       TIN     4.9953E-05
   33.0    14.7       TIN     5.0147E-05
   33.0    19.7       TIN     5.0289E-05
   33.0    30.4       TIN     5.0745E-05
   33.0    39.3       TIN     5.1497E-05
   33.0    50.5       TIN     5.4180E-05
   33.0    60.4       TIN     6.7144E-05
   33.0    70.3       TIN     1.4830E-04
   33.0    85.4       TIN     1.8234E-01
   33.0    91.2       TIN     4.4614E-01
   33.0    99.0       TIN     8.0015E-01
   33.0   124.0       TIN     1.5340E+00
   33.0   150.9       TIN     2.0864E+00
   33.0   175.4       TIN     2.7192E+00
   33.0   200.0       TIN     3.3797E+00
   33.0   226.4       TIN     3.9099E+00
   33.0   250.0       TIN     4.0593E+00
   39.0     0.0       TIN     4.9638E-05
   39.0     5.6       TIN     4.9686E-05
   39.0    15.6       TIN     4.9892E-05
   39.0    19.7       TIN     5.0010E-05
   39.0    30.9       TIN     5.0487E-05
   39.0    40.7       TIN     5.1345E-05
   39.0    50.3       TIN     5.3726E-05
   39.0    59.7       TIN     6.4213E-05
   39.0    70.4       TIN     1.4893E-04
   39.0    84.4       TIN     1.4276E-01
   39.0    89.8       TIN     3.8379E-01
   39.0   100.4       TIN     8.6106E-01
   39.0   125.9       TIN     1.5765E+00
   39.0   149.9       TIN     2.0651E+00
   39.0   175.1       TIN     2.7113E+00
   39.0   200.0       TIN     3.3783E+00
   39.0   225.2       TIN     3.8947E+00
   40.0     0.0       TIN     4.9595E-05
   40.0     5.1       TIN     4.9636E-05
   40.0    10.4       TIN     4.9730E-05
   40.0    19.9       TIN     4.9972E-05
   40.0    30.3       TIN     5.0410E-05
   40.0    39.9       TIN     5.1214E-05
   40.0    49.9       TIN     5.3516E-05
   40.0    60.5       TIN     6.6784E-05
   40.0    70.2       TIN     1.4655E-04
   40.0    80.9       TIN     7.0763E-02
   40.0    89.5       TIN     3.7028E-01
   40.0   100.3       TIN     8.5760E-01
   40.0   125.3       TIN     1.5642E+00
   40.0   150.3       TIN     2.0748E+00
   40.0   175.0       TIN     2.7086E+00
   40.0   200.0       TIN     3.3780E+00
   40.0   224.3       TIN     3.8779E+00
   41.0     0.0       TIN     4.9552E-05
   41.0     9.9       TIN     4.9677E-05
   41.0    20.0       TIN     4.9932E-05
   41.0    30.1       TIN     5.0356E-05
   41.0    49.0       TIN     5.3121E-05
   41.0    74.3       TIN     5.1921E-04
   41.0    99.0       TIN     8.0193E-01
   41.0   124.4       TIN     1.5456E+00
   41.0   148.5       TIN     2.0330E+00
   41.0   173.8       TIN     2.6754E+00
   41.0   200.0       TIN     3.3778E+00
   41.0   248.3       TIN     4.0552E+00
   41.0     0.0       TIN     4.9552E-05
   41.0     5.7       TIN     4.9602E-05
   41.0    10.1       TIN     4.9681E-05
   41.0    20.2       TIN     4.9938E-05
   41.0    34.8       TIN     5.0674E-05
   41.0    40.0       TIN     5.1178E-05
   41.0    50.0       TIN     5.3496E-05
   41.0    60.1       TIN     6.5344E-05
   41.0    70.8       TIN     1.5715E-04
   41.0    80.0       TIN     5.2253E-02
   41.0    94.9       TIN     6.1594E-01
   41.0   100.9       TIN     8.7978E-01
   41.0   125.3       TIN     1.5646E+00
   41.0   150.3       TIN     2.0751E+00
   41.0   175.0       TIN     2.7086E+00
   41.0   200.0       TIN     3.3778E+00
   41.0   225.6       TIN     3.8984E+00
  258.0     0.0       TIN     4.3793E-05
  258.0    12.0       TIN     4.3923E-05
  258.0    27.0       TIN     4.4283E-05
  258.0    52.0       TIN     4.6600E-05
  258.0    77.0       TIN     5.0033E-04
  258.0    77.0       TIN     5.0033E-04
  258.0   102.0       TIN     9.1685E-01
  258.0   126.0       TIN     1.6452E+00
  258.0   149.0       TIN     2.1130E+00
  258.0   200.0       TIN     3.3311E+00
  258.0   250.0       TIN     3.9504E+00
   52.0     0.0       TIN     4.9119E-05
   52.0    10.0       TIN     4.9243E-05
   52.0    26.0       TIN     4.9708E-05
   52.0    51.0       TIN     5.3262E-05
   52.0    77.0       TIN     7.8080E-04
   52.0   100.0       TIN     8.4845E-01
   52.0   127.0       TIN     1.6037E+00
   52.0   150.0       TIN     2.0720E+00
   52.0   200.0       TIN     3.3753E+00
   52.0   249.0       TIN     4.0497E+00
   52.0   249.0       TIN     4.0497E+00
  347.0     0.0       TIN     4.2262E-05
  347.0    12.0       TIN     4.2383E-05
  347.0    27.0       TIN     4.2711E-05
  347.0    52.0       TIN     4.4716E-05
  347.0    78.0       TIN     5.3899E-03
  347.0   103.0       TIN     9.5054E-01
  347.0   127.0       TIN     1.6888E+00
  347.0   152.0       TIN     2.2008E+00
  347.0   200.0       TIN     3.3134E+00
  341.0     0.0       TIN     4.2356E-05
  341.0    11.0       TIN     4.2463E-05
  341.0    26.0       TIN     4.2776E-05
  341.0    50.0       TIN     4.4501E-05
  341.0    76.0       TIN     3.7150E-04
  341.0   100.0       TIN     8.2589E-01
  341.0   126.0       TIN     1.6655E+00
  341.0   152.0       TIN     2.1994E+00
  341.0   200.0       TIN     3.3145E+00
  278.0     0.0       TIN     4.3423E-05
  278.0    13.0       TIN     4.3569E-05
  278.0    28.0       TIN     4.3937E-05
  278.0    52.0       TIN     4.6142E-05
  278.0    76.0       TIN     4.2238E-04
  278.0   102.0       TIN     9.1522E-01
  278.0   127.0       TIN     1.6717E+00
  278.0   153.0       TIN     2.2057E+00
  278.0   200.0       TIN     3.3270E+00
  343.0     0.0       TIN     4.2325E-05
  343.0    12.0       TIN     4.2446E-05
  343.0    27.0       TIN     4.2776E-05
  343.0    52.0       TIN     4.4793E-05
  343.0    76.0       TIN     3.6999E-04
  343.0   102.0       TIN     9.0912E-01
  343.0   127.0       TIN     1.6878E+00
  343.0   151.0       TIN     2.1784E+00
  343.0   200.0       TIN     3.3142E+00
  191.0     0.0       TIN     4.5180E-05
  191.0    11.0       TIN     4.5301E-05
  191.0    26.0       TIN     4.5669E-05
  191.0    51.0       TIN     4.8117E-05
  191.0    77.0       TIN     5.7762E-04
  191.0   102.0       TIN     9.2144E-01
  191.0   127.0       TIN     1.6482E+00
  191.0   150.0       TIN     2.1161E+00
  191.0   200.0       TIN     3.3449E+00
  119.0     0.0       TIN     4.7000E-05
  119.0    11.0       TIN     4.7131E-05
  119.0    26.0       TIN     4.7534E-05
  119.0    50.0       TIN     5.0146E-05
  119.0    75.0       TIN     5.0466E-04
  119.0   101.0       TIN     8.8668E-01
  119.0   126.0       TIN     1.6063E+00
  119.0   150.0       TIN     2.0943E+00
  119.0   200.0       TIN     3.3603E+00
  119.0   250.0       TIN     4.0165E+00
  195.0     0.0       TIN     4.5090E-05
  195.0    10.1       TIN     4.5196E-05
  195.0    20.2       TIN     4.5405E-05
  195.0    29.8       TIN     4.5722E-05
  195.0    49.6       TIN     4.7696E-05
  195.0    74.8       TIN     4.1702E-04
  195.0    99.3       TIN     8.1025E-01
  195.0   123.8       TIN     1.5785E+00
  195.0   149.3       TIN     2.1017E+00
  195.0   174.1       TIN     2.6965E+00
  195.0   200.0       TIN     3.3441E+00
  195.0   249.1       TIN     3.9799E+00
  195.0    99.1       TIN     8.0072E-01
  195.0     0.0       TIN     4.5090E-05
  195.0     7.9       TIN     4.5162E-05
  195.0    21.0       TIN     4.5424E-05
  195.0    34.8       TIN     4.5970E-05
  195.0    39.9       TIN     4.6320E-05
  195.0    45.2       TIN     4.6876E-05
  195.0    55.1       TIN     4.9216E-05
  195.0    60.4       TIN     5.6126E-05
  195.0    64.8       TIN     7.1312E-05
  195.0    71.0       TIN     1.4825E-04
  195.0    81.2       TIN     6.0231E-02
  195.0    99.9       TIN     8.3884E-01
  195.0   125.0       TIN     1.6057E+00
  195.0   150.9       TIN     2.1373E+00
  195.0   175.4       TIN     2.7300E+00
  195.0   200.0       TIN     3.3441E+00
  195.0   224.5       TIN     3.8159E+00
  197.0     0.0       TIN     4.5045E-05
  197.0     6.3       TIN     4.5094E-05
  197.0    10.7       TIN     4.5161E-05
  197.0    19.9       TIN     4.5353E-05
  197.0    40.2       TIN     4.6294E-05
  197.0    59.7       TIN     5.4191E-05
  197.0    79.5       TIN     3.2640E-02
  197.0    99.6       TIN     8.2434E-01
  197.0   120.3       TIN     1.4995E+00
  197.0   139.4       TIN     1.8969E+00
  197.0   159.8       TIN     2.3404E+00
  197.0   179.7       TIN     2.8412E+00
  197.0   200.0       TIN     3.3436E+00
  197.0   248.2       TIN     3.9789E+00
   71.0     0.0       TIN     4.8458E-05
   71.0    11.0       TIN     4.8598E-05
   71.0    26.0       TIN     4.9030E-05
   71.0    50.0       TIN     5.2024E-05
   71.0    76.0       TIN     6.5377E-04
   71.0   101.0       TIN     8.8677E-01
   71.0   125.0       TIN     1.5693E+00
   71.0   149.0       TIN     2.0554E+00
   71.0   200.0       TIN     3.3710E+00
   71.0   250.0       TIN     4.0402E+00
  119.0     0.0       TIN     4.7000E-05
  119.0    12.0       TIN     4.7150E-05
  119.0    27.0       TIN     4.7577E-05
  119.0    52.0       TIN     5.0690E-05
  119.0    77.0       TIN     6.7623E-04
  119.0   102.0       TIN     9.2439E-01
  119.0   124.0       TIN     1.5625E+00
  119.0   151.0       TIN     2.1171E+00
  119.0   200.0       TIN     3.3603E+00
  103.0     2.0       TIN     4.7461E-05
  103.0    20.0       TIN     4.7808E-05
  103.0    40.0       TIN     4.8896E-05
  103.0    65.0       TIN     8.0030E-05
  103.0    90.0       TIN     3.8853E-01
  103.0   135.0       TIN     1.7768E+00
  103.0   183.0       TIN     2.9283E+00
  103.0   200.0       TIN     3.3639E+00
  103.0   234.0       TIN     3.9521E+00
  104.0     4.0       TIN     4.7455E-05
  104.0    24.0       TIN     4.7907E-05
  104.0    50.0       TIN     5.0693E-05
  104.0    73.0       TIN     3.4261E-04
  104.0    99.0       TIN     8.0399E-01
  104.0   148.0       TIN     2.0437E+00
  104.0   200.0       TIN     3.3636E+00
  104.0   248.0       TIN     4.0239E+00
  104.0     3.0       TIN     4.7441E-05
  104.0    32.0       TIN     4.8262E-05
  104.0    57.0       TIN     5.3633E-05
  104.0    83.0       TIN     1.0709E-01
  104.0   112.0       TIN     1.2644E+00
  104.0   163.0       TIN     2.4002E+00
  104.0   213.0       TIN     3.6504E+00
  178.0     0.0       CHL     1.0444E-02
  178.0    10.0       CHL     1.3556E-02
  178.0    19.7       CHL     1.8887E-02
  178.0    29.6       CHL     2.6756E-02
  178.0    49.4       CHL     5.6224E-02
  178.0    75.1       CHL     5.2442E-01
  178.0    99.3       CHL     2.0857E-01
  178.0   124.0       CHL     2.2737E-02
  178.0   147.9       CHL     8.5905E-04
  178.0   174.2       CHL     7.5397E-04
  178.0   200.0       CHL     7.3101E-04
  179.0     0.0       CHL     1.0435E-02
  179.0     4.0       CHL     1.1076E-02
  179.0    11.7       CHL     1.4312E-02
  179.0    26.8       CHL     2.4192E-02
  179.0    32.9       CHL     3.0141E-02
  179.0    39.8       CHL     3.8768E-02
  179.0    48.1       CHL     5.3259E-02
  179.0    52.9       CHL     6.4450E-02
  179.0    57.6       CHL     7.8351E-02
  179.0    66.2       CHL     1.8000E-01
  179.0    76.2       CHL     5.7998E-01
  179.0    90.5       CHL     3.2071E-01
  179.0   107.5       CHL     1.2572E-01
  179.0   150.0       CHL     8.4538E-04
  179.0   175.4       CHL     7.5199E-04
  179.0   200.0       CHL     7.3077E-04
  182.0     0.0       CHL     1.0408E-02
  182.0     7.2       CHL     1.2268E-02
  182.0    17.7       CHL     1.7570E-02
  182.0    31.1       CHL     2.8074E-02
  182.0    36.2       CHL     3.3771E-02
  182.0    43.1       CHL     4.3810E-02
  182.0    50.0       CHL     5.7352E-02
  182.0    55.8       CHL     7.2805E-02
  182.0    59.9       CHL     9.3444E-02
  182.0    74.1       CHL     4.7286E-01
  182.0    84.7       CHL     4.1416E-01
  182.0    99.9       CHL     2.0178E-01
  182.0   120.1       CHL     4.0010E-02
  182.0   150.2       CHL     8.4319E-04
  182.0   174.8       CHL     7.5204E-04
  182.0   200.0       CHL     7.3007E-04
  184.0     6.1       CHL     1.1814E-02
  184.0     9.7       CHL     1.3352E-02
  184.0    19.7       CHL     1.8787E-02
  184.0    40.1       CHL     3.9000E-02
  184.0    59.3       CHL     8.8502E-02
  184.0    79.6       CHL     5.7760E-01
  184.0    86.1       CHL     3.9198E-01
  184.0    99.3       CHL     2.0920E-01
  184.0   119.5       CHL     4.2739E-02
  184.0   139.0       CHL     9.7313E-04
  184.0   159.0       CHL     7.9036E-04
  184.0   178.9       CHL     7.4568E-04
  184.0   200.0       CHL     7.2960E-04
  205.0     0.0       CHL     1.0204E-02
  205.0    10.0       CHL     1.3243E-02
  205.0    20.6       CHL     1.9000E-02
  205.0    30.2       CHL     2.6662E-02
  205.0    49.6       CHL     5.5276E-02
  205.0    74.6       CHL     4.9313E-01
  205.0    99.9       CHL     2.0407E-01
  205.0   124.3       CHL     2.2280E-02
  205.0   149.4       CHL     8.4142E-04
  205.0   173.9       CHL     7.4715E-04
  205.0   200.0       CHL     7.2470E-04
  205.0     0.0       CHL     1.0204E-02
  205.0     6.5       CHL     1.1750E-02
  205.0    19.7       CHL     1.8448E-02
  205.0    24.7       CHL     2.1962E-02
  205.0    41.4       CHL     4.0084E-02
  205.0    47.7       CHL     5.1138E-02
  205.0    59.4       CHL     8.7341E-02
  205.0    70.1       CHL     2.7977E-01
  205.0    78.0       CHL     6.2571E-01
  205.0    85.5       CHL     4.0480E-01
  205.0    94.4       CHL     2.7027E-01
  205.0   105.6       CHL     1.4704E-01
  205.0   124.9       CHL     1.9602E-02
  205.0   139.9       CHL     9.5582E-04
  205.0   175.3       CHL     7.4521E-04
  205.0   200.0       CHL     7.2470E-04
  208.0     0.0       CHL     1.0178E-02
  208.0     6.2       CHL     1.1611E-02
  208.0    15.3       CHL     1.5805E-02
  208.0    20.7       CHL     1.9012E-02
  208.0    36.5       CHL     3.3407E-02
  208.0    44.6       CHL     4.5303E-02
  208.0    56.0       CHL     7.1537E-02
  208.0    65.7       CHL     1.6144E-01
  208.0    70.5       CHL     2.8974E-01
  208.0    80.7       CHL     5.4116E-01
  208.0    85.5       CHL     4.0525E-01
  208.0   100.8       CHL     1.9527E-01
  208.0   130.4       CHL     8.1473E-03
  208.0   150.2       CHL     8.3548E-04
  208.0   175.8       CHL     7.4373E-04
  208.0   200.0       CHL     7.2400E-04
  211.0     6.4       CHL     1.1655E-02
  211.0    10.2       CHL     1.3263E-02
  211.0    20.1       CHL     1.8599E-02
  211.0    40.5       CHL     3.8613E-02
  211.0    60.7       CHL     9.6697E-02
  211.0    79.9       CHL     5.6579E-01
  211.0    99.9       CHL     2.0464E-01
  211.0   119.9       CHL     4.2193E-02
  211.0   139.5       CHL     9.6039E-04
  211.0   159.9       CHL     7.7980E-04
  211.0   179.2       CHL     7.3828E-04
  211.0   200.0       CHL     7.2331E-04
  211.0     6.4       CHL     1.1655E-02
  211.0    10.3       CHL     1.3306E-02
  211.0    20.4       CHL     1.8781E-02
  211.0    40.0       CHL     3.7952E-02
  211.0    60.1       CHL     9.2133E-02
  211.0    79.8       CHL     5.6888E-01
  211.0    99.7       CHL     2.0705E-01
  211.0   119.8       CHL     4.2641E-02
  211.0   139.7       CHL     9.5753E-04
  211.0   159.3       CHL     7.8154E-04
  211.0   179.1       CHL     7.3842E-04
  211.0   200.0       CHL     7.2331E-04
  211.0     6.5       CHL     1.1691E-02
  211.0    10.4       CHL     1.3349E-02
  211.0    20.4       CHL     1.8781E-02
  211.0    40.3       CHL     3.8349E-02
  211.0    60.3       CHL     9.3654E-02
  211.0    79.8       CHL     5.6888E-01
  211.0    99.5       CHL     2.0946E-01
  211.0   119.9       CHL     4.2193E-02
  211.0   139.2       CHL     9.6468E-04
  211.0   159.3       CHL     7.8154E-04
  211.0   179.6       CHL     7.3773E-04
  211.0   200.0       CHL     7.2331E-04
  211.0     6.6       CHL     1.1728E-02
  211.0    10.4       CHL     1.3349E-02
  211.0    20.6       CHL     1.8903E-02
  211.0    40.0       CHL     3.7952E-02
  211.0    59.7       CHL     8.9091E-02
  211.0    80.3       CHL     5.5340E-01
  211.0    99.4       CHL     2.1066E-01
  211.0   119.6       CHL     4.3537E-02
  211.0   139.4       CHL     9.6182E-04
  211.0   159.6       CHL     7.8067E-04
  211.0   179.4       CHL     7.3801E-04
  211.0   200.0       CHL     7.2331E-04
  212.0     6.8       CHL     1.1791E-02
  212.0    10.7       CHL     1.3467E-02
  212.0    20.6       CHL     1.8887E-02
  212.0    40.4       CHL     3.8448E-02
  212.0    60.2       CHL     9.2798E-02
  212.0    79.9       CHL     5.6570E-01
  212.0    99.8       CHL     2.0594E-01
  212.0   120.0       CHL     4.1790E-02
  212.0   139.7       CHL     9.5735E-04
  212.0   159.4       CHL     7.8096E-04
  212.0   179.3       CHL     7.3789E-04
  212.0   200.0       CHL     7.2308E-04
  118.0     0.0       CHL     1.1044E-02
  118.0     5.0       CHL     1.2121E-02
  118.0     9.7       CHL     1.4196E-02
  118.0    20.2       CHL     2.0313E-02
  118.0    25.2       CHL     2.4191E-02
  118.0    30.0       CHL     2.8702E-02
  118.0    34.7       CHL     3.4049E-02
  118.0    39.5       CHL     4.0666E-02
  118.0    55.3       CHL     7.6495E-02
  118.0    69.1       CHL     2.7439E-01
  118.0    84.8       CHL     4.0246E-01
  118.0   100.9       CHL     1.8408E-01
  118.0   125.0       CHL     1.6751E-02
  118.0   150.7       CHL     8.6068E-04
  118.0   174.6       CHL     7.6966E-04
  118.0   200.0       CHL     7.4534E-04
  119.0     0.0       CHL     1.1033E-02
  119.0     9.9       CHL     1.4276E-02
  119.0    19.9       CHL     2.0094E-02
  119.0    30.0       CHL     2.8674E-02
  119.0    49.6       CHL     6.0128E-02
  119.0    74.4       CHL     5.0074E-01
  119.0    98.5       CHL     2.1091E-01
  119.0   123.1       CHL     2.4827E-02
  119.0   148.6       CHL     8.7402E-04
  119.0   173.6       CHL     7.7094E-04
  119.0   200.0       CHL     7.4510E-04
  120.0     0.0       CHL     1.1022E-02
  120.0     4.6       CHL     1.1938E-02
  120.0     9.5       CHL     1.4074E-02
  120.0    19.5       CHL     1.9809E-02
  120.0    24.5       CHL     2.3587E-02
  120.0    29.6       CHL     2.8261E-02
  120.0    34.2       CHL     3.3394E-02
  120.0    40.2       CHL     4.1596E-02
  120.0    45.0       CHL     4.9955E-02
  120.0    54.8       CHL     7.4689E-02
  120.0    74.7       CHL     5.1539E-01
  120.0   100.0       CHL     1.9316E-01
  120.0   124.5       CHL     1.8918E-02
  120.0   149.9       CHL     8.6523E-04
  120.0   174.8       CHL     7.6881E-04
  120.0   200.0       CHL     7.4486E-04
   44.0     0.0       CHL     1.1979E-02
   44.0     9.7       CHL     1.5401E-02
   44.0    20.2       CHL     2.2047E-02
   44.0    30.4       CHL     3.1588E-02
   44.0    49.9       CHL     6.6682E-02
   44.0    74.5       CHL     5.1272E-01
   44.0    98.6       CHL     1.9749E-01
   44.0   124.1       CHL     1.9438E-02
   44.0   149.9       CHL     8.8958E-04
   44.0   174.2       CHL     7.9077E-04
   44.0   200.0       CHL     7.6368E-04
   45.0     0.0       CHL     1.1964E-02
   45.0     5.7       CHL     1.3434E-02
   45.0    15.3       CHL     1.8594E-02
   45.0    25.2       CHL     2.6228E-02
   45.0    34.4       CHL     3.6558E-02
   45.0    45.2       CHL     5.4835E-02
   45.0    49.8       CHL     6.6311E-02
   45.0    60.2       CHL     1.1754E-01
   45.0    75.5       CHL     5.5842E-01
   45.0    80.2       CHL     5.4950E-01
   45.0    90.2       CHL     2.9935E-01
   45.0    99.5       CHL     1.8750E-01
   45.0   124.7       CHL     1.6848E-02
   45.0   150.2       CHL     8.8729E-04
   45.0   175.5       CHL     7.8829E-04
   45.0   200.0       CHL     7.6343E-04
   48.0     0.0       CHL     1.1918E-02
   48.0     5.5       CHL     1.3296E-02
   48.0    15.1       CHL     1.8402E-02
   48.0    20.7       CHL     2.2292E-02
   48.0    30.9       CHL     3.1963E-02
   48.0    40.0       CHL     4.4766E-02
   48.0    54.9       CHL     8.2942E-02
   48.0    60.1       CHL     1.1577E-01
   48.0    70.3       CHL     3.2850E-01
   48.0    84.5       CHL     3.9067E-01
   48.0    89.8       CHL     3.0656E-01
   48.0   100.9       CHL     1.7420E-01
   48.0   125.4       CHL     1.3855E-02
   48.0   150.3       CHL     8.8572E-04
   48.0   175.8       CHL     7.8695E-04
   48.0   200.0       CHL     7.6267E-04
  310.0     0.0       CHL     9.3999E-03
  310.0     4.4       CHL     1.0112E-02
  310.0    10.1       CHL     1.2235E-02
  310.0    24.4       CHL     2.0005E-02
  310.0    49.6       CHL     5.0635E-02
  310.0    74.7       CHL     4.7128E-01
  310.0    99.4       CHL     2.1950E-01
  310.0   123.8       CHL     2.8148E-02
  310.0   149.6       CHL     8.1592E-04
  311.0     0.0       CHL     9.3930E-03
  311.0     9.6       CHL     1.2027E-02
  311.0    19.7       CHL     1.6967E-02
  311.0    29.8       CHL     2.4178E-02
  311.0    39.9       CHL     3.4897E-02
  311.0    50.4       CHL     5.2170E-02
  311.0    65.0       CHL     1.2926E-01
  311.0    75.7       CHL     5.2153E-01
  311.0    91.0       CHL     3.2739E-01
  311.0    95.5       CHL     2.6720E-01
  311.0   105.8       CHL     1.5376E-01
  311.0   105.9       CHL     1.5275E-01
  311.0   125.3       CHL     2.1044E-02
  311.0   150.4       CHL     8.1028E-04
  311.0   175.4       CHL     7.1787E-04
  313.0     0.0       CHL     9.3793E-03
  313.0     5.7       CHL     1.0529E-02
  313.0    10.0       CHL     1.2169E-02
  313.0    19.6       CHL     1.6886E-02
  313.0    34.5       CHL     2.8606E-02
  313.0    40.2       CHL     3.5209E-02
  313.0    54.4       CHL     6.1178E-02
  313.0    65.3       CHL     1.3645E-01
  313.0    70.0       CHL     2.5261E-01
  313.0    79.8       CHL     5.5559E-01
  313.0    94.9       CHL     2.7472E-01
  313.0   110.1       CHL     1.1468E-01
  313.0   125.4       CHL     2.0630E-02
  313.0   149.8       CHL     8.1403E-04
  313.0   174.4       CHL     7.1860E-04
   31.0     0.0       CHL     1.2202E-02
   31.0     9.6       CHL     1.5637E-02
   31.0    20.1       CHL     2.2386E-02
   31.0    29.8       CHL     3.1542E-02
   31.0    50.0       CHL     6.8367E-02
   31.0    74.8       CHL     5.2448E-01
   31.0    99.1       CHL     1.9223E-01
   31.0   124.0       CHL     1.9801E-02
   31.0   148.3       CHL     9.0407E-04
   31.0   173.8       CHL     7.9510E-04
   31.0   200.0       CHL     7.6699E-04
   31.0     0.0       CHL     1.2202E-02
   31.0     4.8       CHL     1.3305E-02
   31.0    15.1       CHL     1.8843E-02
   31.0    24.7       CHL     2.6314E-02
   31.0    34.7       CHL     3.7690E-02
   31.0    45.0       CHL     5.5575E-02
   31.0    49.9       CHL     6.8086E-02
   31.0    64.2       CHL     1.6376E-01
   31.0    69.8       CHL     3.1760E-01
   31.0    80.1       CHL     5.4765E-01
   31.0    90.4       CHL     2.9233E-01
   31.0   100.1       CHL     1.8183E-01
   31.0   125.0       CHL     1.5397E-02
   31.0   150.3       CHL     8.9087E-04
   31.0   174.9       CHL     7.9320E-04
   31.0   200.0       CHL     7.6699E-04
   33.0     0.0       CHL     1.2165E-02
   33.0     5.0       CHL     1.3353E-02
   33.0    14.7       CHL     1.8539E-02
   33.0    19.7       CHL     2.2025E-02
   33.0    30.4       CHL     3.2083E-02
   33.0    39.3       CHL     4.4594E-02
   33.0    50.5       CHL     6.9530E-02
   33.0    60.4       CHL     1.2253E-01
   33.0    70.3       CHL     3.3131E-01
   33.0    85.4       CHL     3.6761E-01
   33.0    91.2       CHL     2.8075E-01
   33.0    99.0       CHL     1.9310E-01
   33.0   124.0       CHL     1.9815E-02
   33.0   150.9       CHL     8.8631E-04
   33.0   175.4       CHL     7.9178E-04
   33.0   200.0       CHL     7.6648E-04
   39.0     0.0       CHL     1.2061E-02
   39.0     5.6       CHL     1.3499E-02
   39.0    15.6       CHL     1.8928E-02
   39.0    19.7       CHL     2.1834E-02
   39.0    30.9       CHL     3.2351E-02
   39.0    40.7       CHL     4.6432E-02
   39.0    50.3       CHL     6.8296E-02
   39.0    59.7       CHL     1.1367E-01
   39.0    70.4       CHL     3.3322E-01
   39.0    84.4       CHL     3.9002E-01
   39.0    89.8       CHL     3.0346E-01
   39.0   100.4       CHL     1.7851E-01
   39.0   125.9       CHL     1.1570E-02
   39.0   149.9       CHL     8.9110E-04
   39.0   175.1       CHL     7.9063E-04
   39.0   200.0       CHL     7.6495E-04
   40.0     0.0       CHL     1.2044E-02
   40.0     5.1       CHL     1.3263E-02
   40.0    10.4       CHL     1.5844E-02
   40.0    19.9       CHL     2.1949E-02
   40.0    30.3       CHL     3.1655E-02
   40.0    39.9       CHL     4.5094E-02
   40.0    49.9       CHL     6.7089E-02
   40.0    60.5       CHL     1.2192E-01
   40.0    70.2       CHL     3.2742E-01
   40.0    80.9       CHL     5.2137E-01
   40.0    89.5       CHL     3.0836E-01
   40.0   100.3       CHL     1.7936E-01
   40.0   125.3       CHL     1.4196E-02
   40.0   150.3       CHL     8.8815E-04
   40.0   175.0       CHL     7.9052E-04
   40.0   200.0       CHL     7.6469E-04
   41.0     0.0       CHL     1.2028E-02
   41.0     9.9       CHL     1.5566E-02
   41.0    20.0       CHL     2.1991E-02
   41.0    30.1       CHL     3.1401E-02
   41.0    49.0       CHL     6.4516E-02
   41.0    74.3       CHL     5.0338E-01
   41.0    99.0       CHL     1.9290E-01
   41.0   124.4       CHL     1.8119E-02
   41.0   148.5       CHL     8.9976E-04
   41.0   173.8       CHL     7.9229E-04
   41.0   200.0       CHL     7.6444E-04
   41.0     0.0       CHL     1.2028E-02
   41.0     5.7       CHL     1.3506E-02
   41.0    10.1       CHL     1.5669E-02
   41.0    20.2       CHL     2.2136E-02
   41.0    34.8       CHL     3.7270E-02
   41.0    40.0       CHL     4.5189E-02
   41.0    50.0       CHL     6.7260E-02
   41.0    60.1       CHL     1.1744E-01
   41.0    70.8       CHL     3.4481E-01
   41.0    80.0       CHL     5.5541E-01
   41.0    94.9       CHL     2.3819E-01
   41.0   100.9       CHL     1.7407E-01
   41.0   125.3       CHL     1.4207E-02
   41.0   150.3       CHL     8.8785E-04
   41.0   175.0       CHL     7.9025E-04
   41.0   200.0       CHL     7.6444E-04
  195.0     0.0       CHL     1.0291E-02
  195.0    10.1       CHL     1.3400E-02
  195.0    20.2       CHL     1.8916E-02
  195.0    29.8       CHL     2.6536E-02
  195.0    49.6       CHL     5.5782E-02
  195.0    74.8       CHL     5.0556E-01
  195.0    99.3       CHL     2.1031E-01
  195.0   123.8       CHL     2.4176E-02
  195.0   149.3       CHL     8.4497E-04
  195.0   174.1       CHL     7.4955E-04
  195.0   200.0       CHL     7.2702E-04
  195.0     0.0       CHL     1.0291E-02
  195.0     7.9       CHL     1.2437E-02
  195.0    21.0       CHL     1.9412E-02
  195.0    34.8       CHL     3.1787E-02
  195.0    39.9       CHL     3.8351E-02
  195.0    45.2       CHL     4.6838E-02
  195.0    55.1       CHL     6.9840E-02
  195.0    60.4       CHL     9.6024E-02
  195.0    64.8       CHL     1.3934E-01
  195.0    71.0       CHL     3.1226E-01
  195.0    81.2       CHL     5.2580E-01
  195.0    99.9       CHL     2.0309E-01
  195.0   125.0       CHL     1.8854E-02
  195.0   150.9       CHL     8.3481E-04
  195.0   175.4       CHL     7.4773E-04
  195.0   200.0       CHL     7.2702E-04
  197.0     0.0       CHL     1.0274E-02
  197.0     6.3       CHL     1.1756E-02
  197.0    10.7       CHL     1.3639E-02
  197.0    19.9       CHL     1.8698E-02
  197.0    40.2       CHL     3.8685E-02
  197.0    59.7       CHL     9.0392E-02
  197.0    79.5       CHL     5.7962E-01
  197.0    99.6       CHL     2.0690E-01
  197.0   120.3       CHL     3.9783E-02
  197.0   139.4       CHL     9.6455E-04
  197.0   159.8       CHL     7.8417E-04
  197.0   179.7       CHL     7.4119E-04
  197.0   200.0       CHL     7.2656E-04
   31.0     0.0       NPP     8.5953E-02
   31.0     5.0       NPP     8.5851E-02
   31.0    11.0       NPP     8.5603E-02
   31.0    26.0       NPP     8.4674E-02
   31.0    33.0       NPP     8.4056E-02
   31.0    41.0       NPP     8.3304E-02
   31.0    50.0       NPP     8.3452E-02
   31.0    59.0       NPP     9.0091E-02
   33.0     0.0       NPP     8.5740E-02
   33.0     5.0       NPP     8.5639E-02
   33.0    11.0       NPP     8.5392E-02
   33.0    26.0       NPP     8.4468E-02
   33.0    33.0       NPP     8.3853E-02
   33.0    41.0       NPP     8.3102E-02
   33.0    50.0       NPP     8.3231E-02
   33.0    59.0       NPP     8.9811E-02
   39.0     0.0       NPP     8.5145E-02
   39.0     6.0       NPP     8.5009E-02
   39.0    13.0       NPP     8.4706E-02
   39.0    28.0       NPP     8.3723E-02
   39.0    33.0       NPP     8.3285E-02
   39.0    41.0       NPP     8.2540E-02
   39.0    50.0       NPP     8.2611E-02
   39.0    54.0       NPP     8.3753E-02
   41.0     0.0       NPP     8.4959E-02
   41.0     5.0       NPP     8.4860E-02
   41.0    13.0       NPP     8.4522E-02
   41.0    30.0       NPP     8.3375E-02
   41.0    39.0       NPP     8.2552E-02
   41.0    48.0       NPP     8.2153E-02
   41.0    57.0       NPP     8.4939E-02
   41.0    61.0       NPP     9.6364E-02
  311.0     0.0       NPP     7.1315E-02
  311.0    10.0       NPP     7.1126E-02
  311.0    30.0       NPP     7.0276E-02
  311.0    50.0       NPP     6.9007E-02
  311.0    65.0       NPP     9.1231E-02
  311.0    75.0       NPP     2.0362E-01
  311.0    90.0       NPP     6.3457E-02
  311.0   105.0       NPP     1.2556E-02
  311.0     0.0       NPP     7.1315E-02
  311.0     6.0       NPP     7.1229E-02
  311.0    16.0       NPP     7.0941E-02
  311.0    38.0       NPP     6.9727E-02
  311.0    44.0       NPP     6.9278E-02
  311.0    58.0       NPP     6.8839E-02
  311.0    69.0       NPP     1.3284E-01
  311.0    79.0       NPP     2.0714E-01
  313.0     0.0       NPP     7.1248E-02
  313.0     8.0       NPP     7.1112E-02
  313.0    20.0       NPP     7.0719E-02
  313.0    45.0       NPP     6.9143E-02
  313.0    50.0       NPP     6.8943E-02
  313.0    62.0       NPP     7.8311E-02
  313.0    72.0       NPP     1.6638E-01
  313.0    82.0       NPP     1.5207E-01
   45.0     0.0       NPP     8.4603E-02
   45.0     5.0       NPP     8.4505E-02
   45.0    15.0       NPP     8.4070E-02
   45.0    25.0       NPP     8.3441E-02
   45.0    35.0       NPP     8.2588E-02
   45.0    45.0       NPP     8.1744E-02
   45.0    60.0       NPP     9.1917E-02
   45.0    75.0       NPP     1.9932E-01
   45.0     0.0       NPP     8.4603E-02
   45.0     4.0       NPP     8.4542E-02
   45.0     9.0       NPP     8.4349E-02
   45.0    19.0       NPP     8.3844E-02
   45.0    22.0       NPP     8.3653E-02
   45.0    31.0       NPP     8.2949E-02
   45.0    40.0       NPP     8.2121E-02
   45.0    49.0       NPP     8.1922E-02
   48.0     0.0       NPP     8.4348E-02
   48.0     5.0       NPP     8.4251E-02
   48.0    10.0       NPP     8.4054E-02
   48.0    23.0       NPP     8.3334E-02
   48.0    27.0       NPP     8.3038E-02
   48.0    38.0       NPP     8.2067E-02
   48.0    48.0       NPP     8.1545E-02
   48.0    57.0       NPP     8.4043E-02
  118.0     0.0       NPP     7.9687E-02
  118.0     4.5       NPP     7.9618E-02
  118.0     8.5       NPP     7.9485E-02
  118.0    18.5       NPP     7.9055E-02
  118.0    21.5       NPP     7.8894E-02
  118.0    31.0       NPP     7.8243E-02
  118.0    39.0       NPP     7.7564E-02
  118.0    64.0       NPP     9.6456E-02
  120.0     0.0       NPP     7.9574E-02
  120.0     5.5       NPP     7.9473E-02
  120.0     9.5       NPP     7.9336E-02
  120.0    20.0       NPP     7.8866E-02
  120.0    23.0       NPP     7.8691E-02
  120.0    34.0       NPP     7.7889E-02
  120.0    44.5       NPP     7.7006E-02
  120.0    67.5       NPP     1.3042E-01
  205.0     0.0       NPP     7.5366E-02
  205.0     7.0       NPP     7.5238E-02
  205.0    20.0       NPP     7.4751E-02
  205.0    44.0       NPP     7.3086E-02
  205.0    51.0       NPP     7.2866E-02
  205.0    65.0       NPP     9.7242E-02
  205.0    75.0       NPP     2.0546E-01
  205.0    94.0       NPP     3.7673E-02
  208.0     0.0       NPP     7.5236E-02
  208.0     7.0       NPP     7.5108E-02
  208.0    16.0       NPP     7.4802E-02
  208.0    36.5       NPP     7.3567E-02
  208.0    41.5       NPP     7.3154E-02
  208.0    56.0       NPP     7.2811E-02
  208.0    67.0       NPP     1.1829E-01
  208.0    85.0       NPP     9.2247E-02
  179.0     0.0       NPP     7.6541E-02
  179.0     4.0       NPP     7.6493E-02
  179.0    12.5       NPP     7.6223E-02
  179.0    26.0       NPP     7.5570E-02
  179.0    32.0       NPP     7.5154E-02
  179.0    45.5       NPP     7.4076E-02
  179.0    54.0       NPP     7.4083E-02
  179.0    79.0       NPP     2.0263E-01
  182.0     0.0       NPP     7.6401E-02
  182.0     5.0       NPP     7.6325E-02
  182.0    14.0       NPP     7.6027E-02
  182.0    29.0       NPP     7.5232E-02
  182.0    35.0       NPP     7.4792E-02
  182.0    49.0       NPP     7.3863E-02
  182.0    56.0       NPP     7.4023E-02
  182.0    83.0       NPP     1.2421E-01
   31.0     4.8       P10     2.8781E-03
   31.0    15.1       P10     4.0758E-03
   31.0    24.8       P10     5.7109E-03
   31.0    34.6       P10     8.1240E-03
   31.0    45.0       P10     1.2021E-02
   31.0    64.3       P10     3.5653E-02
   31.0    80.1       P10     1.1851E-01
   31.0   100.1       P10     3.9359E-02
   31.0   125.0       P10     3.3304E-03
   33.0     5.0       P10     2.8894E-03
   33.0    14.7       P10     4.0116E-03
   33.0    30.4       P10     6.9421E-03
   33.0    50.5       P10     1.5044E-02
   33.0    60.4       P10     2.6512E-02
   33.0    70.3       P10     7.1696E-02
   33.0    85.4       P10     7.9607E-02
   33.0    99.0       P10     4.1814E-02
   33.0   124.0       P10     4.2883E-03
   39.0     5.5       P10     2.9148E-03
   39.0    15.6       P10     4.1001E-03
   39.0    30.9       P10     7.0076E-03
   39.0    50.4       P10     1.4853E-02
   39.0    59.6       P10     2.4391E-02
   39.0    70.4       P10     7.2185E-02
   39.0    84.4       P10     8.4548E-02
   39.0   100.4       P10     3.8695E-02
   39.0   125.9       P10     2.5055E-03
   40.0     5.1       P10     2.8736E-03
   41.0     5.7       P10     2.9267E-03
   41.0    20.2       P10     4.7967E-03
   41.0    34.8       P10     8.0758E-03
   41.0    50.1       P10     1.4633E-02
   41.0    60.0       P10     2.5218E-02
   41.0    80.0       P10     1.2040E-01
   41.0    94.9       P10     5.1655E-02
   41.0   100.9       P10     3.7746E-02
   41.0   125.3       P10     3.0784E-03
   41.0     5.9       P10     2.9455E-03
  313.0    70.0       P10     5.7397E-02
  313.0   125.4       P10     4.6898E-03
  313.0   149.8       P10     1.7768E-04
  313.0     9.8       P10     2.7467E-03
  313.0    34.8       P10     6.5667E-03
  313.0    54.2       P10     1.3783E-02
  313.0    65.3       P10     3.1000E-02
  313.0    79.0       P10     1.3075E-01
  313.0    94.8       P10     6.2746E-02
  313.0   109.8       P10     2.6604E-02
  311.0    89.8       P10     7.9090E-02
  311.0    49.4       P10     1.1402E-02
  311.0    10.0       P10     2.7679E-03
  311.0    90.9       P10     7.4808E-02
  311.0   125.3       P10     4.7823E-03
  311.0   150.4       P10     1.7664E-04
  311.0     9.6       P10     2.7317E-03
  311.0    29.8       P10     5.4914E-03
  311.0    50.4       P10     1.1849E-02
  311.0    65.1       P10     2.9920E-02
  311.0    75.8       P10     1.1963E-01
  311.0    91.1       P10     7.4030E-02
  311.0   105.7       P10     3.5177E-02
   48.0   100.9       P10     3.7821E-02
   48.0   125.4       P10     3.0058E-03
   48.0   150.3       P10     1.8282E-04
   48.0     5.2       P10     2.8568E-03
   48.0    15.5       P10     4.0448E-03
   48.0    30.4       P10     6.8174E-03
   48.0    40.2       P10     9.7802E-03
   48.0    54.7       P10     1.7825E-02
   48.0    69.7       P10     6.7601E-02
   48.0    84.5       P10     8.4825E-02
   45.0    75.2       P10     1.1815E-01
   45.0    35.4       P10     8.2042E-03
   45.0     5.2       P10     2.8664E-03
   45.0    99.4       P10     4.0932E-02
   45.0   124.7       P10     3.6536E-03
   45.0   150.2       P10     1.8305E-04
   45.0     5.2       P10     2.8664E-03
   45.0    15.2       P10     4.0189E-03
   45.0    25.1       P10     5.6686E-03
   45.0    33.8       P10     7.7611E-03
   45.0    45.3       P10     1.1933E-02
   45.0    60.2       P10     2.5485E-02
   45.0    75.2       P10     1.1815E-01
  120.0    19.5       P10     4.3528E-03
  120.0    40.2       P10     9.1400E-03
  120.0    74.6       P10     1.1219E-01
  120.0   100.0       P10     4.2478E-02
  120.0   124.5       P10     4.1580E-03
  120.0     4.7       P10     2.6321E-03
  120.0     9.5       P10     3.0927E-03
  120.0    24.5       P10     5.1829E-03
  120.0    29.6       P10     6.2101E-03
  120.0    34.5       P10     7.4152E-03
  120.0    44.9       P10     1.0937E-02
  120.0    54.6       P10     1.6268E-02
  118.0    54.8       P10     1.6444E-02
  118.0    29.9       P10     6.2837E-03
  118.0     5.1       P10     2.6714E-03
  118.0    20.2       P10     4.4621E-03
  118.0    69.1       P10     6.0277E-02
  118.0    84.8       P10     8.8475E-02
  118.0   100.9       P10     4.0466E-02
  118.0   125.0       P10     3.6803E-03
  118.0     5.0       P10     2.6627E-03
  118.0     9.7       P10     3.1184E-03
  118.0    25.3       P10     5.3314E-03
  118.0    29.9       P10     6.2837E-03
  118.0    35.0       P10     7.5564E-03
  118.0    39.8       P10     9.0281E-03
  118.0    55.1       P10     1.6659E-02
  208.0    70.1       P10     6.2272E-02
  208.0    45.0       P10     1.0257E-02
  208.0     6.1       P10     2.5827E-03
  208.0    15.3       P10     3.5268E-03
  208.0    36.5       P10     7.4544E-03
  208.0    80.7       P10     1.2081E-01
  208.0   100.8       P10     4.3607E-02
  208.0   130.4       P10     1.8166E-03
  208.0   150.3       P10     1.7825E-04
  208.0     5.9       P10     2.5663E-03
  208.0    20.3       P10     4.1880E-03
  208.0    44.6       P10     1.0109E-02
  208.0    55.9       P10     1.5898E-02
  208.0    65.4       P10     3.4234E-02
  208.0    70.5       P10     6.4658E-02
  208.0    85.4       P10     9.0861E-02
  205.0    19.6       P10     4.1009E-03
  205.0    41.4       P10     8.9396E-03
  205.0    85.5       P10     9.0350E-02
  205.0   105.6       P10     3.2815E-02
  205.0   124.9       P10     4.3733E-03
  205.0   139.9       P10     2.0734E-04
  205.0     6.4       P10     2.6125E-03
  205.0    24.6       P10     4.8817E-03
  205.0    47.6       P10     1.1356E-02
  205.0    60.0       P10     2.0504E-02
  205.0    70.1       P10     6.2401E-02
  205.0    77.9       P10     1.4029E-01
  205.0    94.1       P10     6.1135E-02
  179.0    26.8       P10     5.3712E-03
  179.0    48.1       P10     1.1824E-02
  179.0    76.2       P10     1.2880E-01
  179.0    90.5       P10     7.1263E-02
  179.0   107.5       P10     2.7927E-02
  179.0   150.0       P10     1.7951E-04
  179.0     3.8       P10     2.4424E-03
  179.0    11.8       P10     3.1893E-03
  179.0    33.0       P10     6.7163E-03
  179.0    40.0       P10     8.6676E-03
  179.0    53.0       P10     1.4374E-02
  179.0    57.2       P10     1.7132E-02
  179.0    66.6       P10     4.2383E-02
  182.0    31.1       P10     6.2363E-03
  182.0    50.0       P10     1.2739E-02
  182.0    84.7       P10     9.2072E-02
  182.0    99.9       P10     4.4859E-02
  182.0   120.1       P10     8.8911E-03
  182.0   150.2       P10     1.7910E-04
  182.0     7.1       P10     2.7154E-03
  182.0    17.8       P10     3.9168E-03
  182.0    36.2       P10     7.5017E-03
  182.0    43.0       P10     9.6937E-03
  182.0    55.6       P10     1.6041E-02
  182.0    60.0       P10     2.0932E-02
  182.0    73.8       P10     1.0168E-01
  182.0    84.7       P10     9.2072E-02
  182.0    59.5       P10     2.0053E-02
  182.0     6.6       P10     2.6708E-03
   31.0     4.8       P03     1.5189E-03
   31.0    15.1       P03     2.1510E-03
   31.0    24.8       P03     3.0140E-03
   31.0    34.6       P03     4.2875E-03
   31.0    45.0       P03     6.3439E-03
   31.0    64.3       P03     1.8816E-02
   31.0    80.1       P03     6.2544E-02
   31.0   100.1       P03     2.0772E-02
   31.0   125.0       P03     1.7576E-03
   33.0     5.0       P03     1.5231E-03
   33.0    14.7       P03     2.1146E-03
   33.0    30.4       P03     3.6593E-03
   33.0    50.5       P03     7.9300E-03
   33.0    60.4       P03     1.3975E-02
   33.0    70.3       P03     3.7793E-02
   33.0    85.4       P03     4.1963E-02
   33.0    99.0       P03     2.2041E-02
   33.0   124.0       P03     2.2605E-03
   39.0     5.5       P03     1.5309E-03
   39.0    15.6       P03     2.1535E-03
   39.0    30.9       P03     3.6806E-03
   39.0    50.4       P03     7.8010E-03
   39.0    59.6       P03     1.2811E-02
   39.0    70.4       P03     3.7914E-02
   39.0    84.4       P03     4.4407E-02
   39.0   100.4       P03     2.0324E-02
   39.0   125.9       P03     1.3160E-03
   40.0     5.1       P03     1.5084E-03
   41.0     5.7       P03     1.5353E-03
   41.0    20.2       P03     2.5164E-03
   41.0    34.8       P03     4.2366E-03
   41.0    50.1       P03     7.6765E-03
   41.0    60.0       P03     1.3229E-02
   41.0    80.0       P03     6.3164E-02
   41.0    94.9       P03     2.7098E-02
   41.0   100.9       P03     1.9802E-02
   41.0   125.3       P03     1.6149E-03
   41.0     5.9       P03     1.5452E-03
  313.0    70.0       P03     2.5521E-02
  313.0   125.4       P03     2.0853E-03
  313.0   149.8       P03     7.9006E-05
  313.0     9.8       P03     1.2213E-03
  313.0    34.8       P03     2.9199E-03
  313.0    54.2       P03     6.1287E-03
  313.0    65.3       P03     1.3784E-02
  313.0    79.0       P03     5.8138E-02
  313.0    94.8       P03     2.7900E-02
  313.0   109.8       P03     1.1829E-02
  311.0    89.8       P03     3.5211E-02
  311.0    49.4       P03     5.0760E-03
  311.0    10.0       P03     1.2323E-03
  311.0    90.9       P03     3.3305E-02
  311.0   125.3       P03     2.1291E-03
  311.0   150.4       P03     7.8640E-05
  311.0     9.6       P03     1.2162E-03
  311.0    29.8       P03     2.4448E-03
  311.0    50.4       P03     5.2750E-03
  311.0    65.1       P03     1.3320E-02
  311.0    75.8       P03     5.3258E-02
  311.0    91.1       P03     3.2958E-02
  311.0   105.7       P03     1.5661E-02
   48.0   100.9       P03     1.9758E-02
   48.0   125.4       P03     1.5702E-03
   48.0   150.3       P03     9.5510E-05
   48.0     5.2       P03     1.4924E-03
   48.0    15.5       P03     2.1130E-03
   48.0    30.4       P03     3.5615E-03
   48.0    40.2       P03     5.1093E-03
   48.0    54.7       P03     9.3117E-03
   48.0    69.7       P03     3.5316E-02
   48.0    84.5       P03     4.4313E-02
   45.0    75.2       P03     6.1835E-02
   45.0    35.4       P03     4.2936E-03
   45.0     5.2       P03     1.5001E-03
   45.0    99.4       P03     2.1422E-02
   45.0   124.7       P03     1.9121E-03
   45.0   150.2       P03     9.5801E-05
   45.0     5.2       P03     1.5001E-03
   45.0    15.2       P03     2.1033E-03
   45.0    25.1       P03     2.9667E-03
   45.0    33.8       P03     4.0618E-03
   45.0    45.3       P03     6.2453E-03
   45.0    60.2       P03     1.3338E-02
   45.0    75.2       P03     6.1835E-02
  120.0    19.5       P03     2.1782E-03
  120.0    40.2       P03     4.5738E-03
  120.0    74.6       P03     5.6142E-02
  120.0   100.0       P03     2.1257E-02
  120.0   124.5       P03     2.0807E-03
  120.0     4.7       P03     1.3171E-03
  120.0     9.5       P03     1.5476E-03
  120.0    24.5       P03     2.5936E-03
  120.0    29.6       P03     3.1076E-03
  120.0    34.5       P03     3.7106E-03
  120.0    44.9       P03     5.4728E-03
  120.0    54.6       P03     8.1409E-03
  118.0    54.8       P03     8.2386E-03
  118.0    29.9       P03     3.1482E-03
  118.0     5.1       P03     1.3384E-03
  118.0    20.2       P03     2.2355E-03
  118.0    69.1       P03     3.0199E-02
  118.0    84.8       P03     4.4327E-02
  118.0   100.9       P03     2.0274E-02
  118.0   125.0       P03     1.8439E-03
  118.0     5.0       P03     1.3340E-03
  118.0     9.7       P03     1.5623E-03
  118.0    25.3       P03     2.6711E-03
  118.0    29.9       P03     3.1482E-03
  118.0    35.0       P03     3.7859E-03
  118.0    39.8       P03     4.5232E-03
  118.0    55.1       P03     8.3462E-03
  208.0    70.1       P03     2.9545E-02
  208.0    45.0       P03     4.8665E-03
  208.0     6.1       P03     1.2254E-03
  208.0    15.3       P03     1.6733E-03
  208.0    36.5       P03     3.5367E-03
  208.0    80.7       P03     5.7317E-02
  208.0   100.8       P03     2.0690E-02
  208.0   130.4       P03     8.6188E-04
  208.0   150.3       P03     8.4571E-05
  208.0     5.9       P03     1.2176E-03
  208.0    20.3       P03     1.9870E-03
  208.0    44.6       P03     4.7961E-03
  208.0    55.9       P03     7.5429E-03
  208.0    65.4       P03     1.6242E-02
  208.0    70.5       P03     3.0677E-02
  208.0    85.4       P03     4.3109E-02
  205.0    19.6       P03     1.9492E-03
  205.0    41.4       P03     4.2492E-03
  205.0    85.5       P03     4.2945E-02
  205.0   105.6       P03     1.5598E-02
  205.0   124.9       P03     2.0787E-03
  205.0   139.9       P03     9.8552E-05
  205.0     6.4       P03     1.2418E-03
  205.0    24.6       P03     2.3204E-03
  205.0    47.6       P03     5.3977E-03
  205.0    60.0       P03     9.7459E-03
  205.0    70.1       P03     2.9660E-02
  205.0    77.9       P03     6.6681E-02
  205.0    94.1       P03     2.9058E-02
  179.0    26.8       P03     2.5937E-03
  179.0    48.1       P03     5.7098E-03
  179.0    76.2       P03     6.2197E-02
  179.0    90.5       P03     3.4413E-02
  179.0   107.5       P03     1.3486E-02
  179.0   150.0       P03     8.6683E-05
  179.0     3.8       P03     1.1794E-03
  179.0    11.8       P03     1.5401E-03
  179.0    33.0       P03     3.2433E-03
  179.0    40.0       P03     4.1856E-03
  179.0    53.0       P03     6.9413E-03
  179.0    57.2       P03     8.2729E-03
  179.0    66.6       P03     2.0467E-02
  182.0    31.1       P03     3.0060E-03
  182.0    50.0       P03     6.1407E-03
  182.0    84.7       P03     4.4380E-02
  182.0    99.9       P03     2.1623E-02
  182.0   120.1       P03     4.2857E-03
  182.0   150.2       P03     8.6329E-05
  182.0     7.1       P03     1.3089E-03
  182.0    17.8       P03     1.8880E-03
  182.0    36.2       P03     3.6160E-03
  182.0    43.0       P03     4.6726E-03
  182.0    55.6       P03     7.7320E-03
  182.0    60.0       P03     1.0090E-02
  182.0    73.8       P03     4.9012E-02
  182.0    84.7       P03     4.4380E-02
  182.0    59.5       P03     9.6657E-03
  182.0     6.6       P03     1.2874E-03
   31.0     4.8       P01     2.9732E-03
   31.0    15.1       P01     4.2106E-03
   31.0    24.8       P01     5.8997E-03
   31.0    34.6       P01     8.3925E-03
   31.0    45.0       P01     1.2418E-02
   31.0    64.3       P01     3.6831E-02
   31.0    80.1       P01     1.2243E-01
   31.0   100.1       P01     4.0660E-02
   31.0   125.0       P01     3.4404E-03
   33.0     5.0       P01     2.9838E-03
   33.0    14.7       P01     4.1427E-03
   33.0    30.4       P01     7.1690E-03
   33.0    50.5       P01     1.5536E-02
   33.0    60.4       P01     2.7378E-02
   33.0    70.3       P01     7.4039E-02
   33.0    85.4       P01     8.2209E-02
   33.0    99.0       P01     4.3181E-02
   33.0   124.0       P01     4.4285E-03
   39.0     5.5       P01     3.0068E-03
   39.0    15.6       P01     4.2296E-03
   39.0    30.9       P01     7.2289E-03
   39.0    50.4       P01     1.5322E-02
   39.0    59.6       P01     2.5161E-02
   39.0    70.4       P01     7.4465E-02
   39.0    84.4       P01     8.7218E-02
   39.0   100.4       P01     3.9917E-02
   39.0   125.9       P01     2.5847E-03
   40.0     5.1       P01     2.9638E-03
   41.0     5.7       P01     3.0180E-03
   41.0    20.2       P01     4.9464E-03
   41.0    34.8       P01     8.3279E-03
   41.0    50.1       P01     1.5090E-02
   41.0    60.0       P01     2.6005E-02
   41.0    80.0       P01     1.2416E-01
   41.0    94.9       P01     5.3267E-02
   41.0   100.9       P01     3.8924E-02
   41.0   125.3       P01     3.1745E-03
   41.0     5.9       P01     3.0374E-03
  313.0    70.0       P01     5.6449E-02
  313.0   125.4       P01     4.6124E-03
  313.0   149.8       P01     1.7475E-04
  313.0     9.8       P01     2.7014E-03
  313.0    34.8       P01     6.4583E-03
  313.0    54.2       P01     1.3556E-02
  313.0    65.3       P01     3.0489E-02
  313.0    79.0       P01     1.2859E-01
  313.0    94.8       P01     6.1711E-02
  313.0   109.8       P01     2.6165E-02
  311.0    89.8       P01     7.7811E-02
  311.0    49.4       P01     1.1217E-02
  311.0    10.0       P01     2.7232E-03
  311.0    90.9       P01     7.3599E-02
  311.0   125.3       P01     4.7049E-03
  311.0   150.4       P01     1.7378E-04
  311.0     9.6       P01     2.6875E-03
  311.0    29.8       P01     5.4026E-03
  311.0    50.4       P01     1.1657E-02
  311.0    65.1       P01     2.9436E-02
  311.0    75.8       P01     1.1769E-01
  311.0    91.1       P01     7.2833E-02
  311.0   105.7       P01     3.4609E-02
   48.0   100.9       P01     3.8953E-02
   48.0   125.4       P01     3.0957E-03
   48.0   150.3       P01     1.8830E-04
   48.0     5.2       P01     2.9423E-03
   48.0    15.5       P01     4.1658E-03
   48.0    30.4       P01     7.0214E-03
   48.0    40.2       P01     1.0073E-02
   48.0    54.7       P01     1.8358E-02
   48.0    69.7       P01     6.9624E-02
   48.0    84.5       P01     8.7363E-02
   45.0    75.2       P01     1.2175E-01
   45.0    35.4       P01     8.4542E-03
   45.0     5.2       P01     2.9537E-03
   45.0    99.4       P01     4.2179E-02
   45.0   124.7       P01     3.7649E-03
   45.0   150.2       P01     1.8863E-04
   45.0     5.2       P01     2.9537E-03
   45.0    15.2       P01     4.1414E-03
   45.0    25.1       P01     5.8414E-03
   45.0    33.8       P01     7.9977E-03
   45.0    45.3       P01     1.2297E-02
   45.0    60.2       P01     2.6262E-02
   45.0    75.2       P01     1.2175E-01
  120.0    19.5       P01     4.4263E-03
  120.0    40.2       P01     9.2944E-03
  120.0    74.6       P01     1.1409E-01
  120.0   100.0       P01     4.3196E-02
  120.0   124.5       P01     4.2282E-03
  120.0     4.7       P01     2.6766E-03
  120.0     9.5       P01     3.1449E-03
  120.0    24.5       P01     5.2705E-03
  120.0    29.6       P01     6.3149E-03
  120.0    34.5       P01     7.5404E-03
  120.0    44.9       P01     1.1121E-02
  120.0    54.6       P01     1.6543E-02
  118.0    54.8       P01     1.6728E-02
  118.0    29.9       P01     6.3920E-03
  118.0     5.1       P01     2.7175E-03
  118.0    20.2       P01     4.5390E-03
  118.0    69.1       P01     6.1316E-02
  118.0    84.8       P01     9.0000E-02
  118.0   100.9       P01     4.1164E-02
  118.0   125.0       P01     3.7438E-03
  118.0     5.0       P01     2.7086E-03
  118.0     9.7       P01     3.1721E-03
  118.0    25.3       P01     5.4233E-03
  118.0    29.9       P01     6.3920E-03
  118.0    35.0       P01     7.6867E-03
  118.0    39.8       P01     9.1838E-03
  118.0    55.1       P01     1.6946E-02
  208.0    70.1       P01     6.2358E-02
  208.0    45.0       P01     1.0271E-02
  208.0     6.1       P01     2.5863E-03
  208.0    15.3       P01     3.5317E-03
  208.0    36.5       P01     7.4647E-03
  208.0    80.7       P01     1.2098E-01
  208.0   100.8       P01     4.3668E-02
  208.0   130.4       P01     1.8191E-03
  208.0   150.3       P01     1.7850E-04
  208.0     5.9       P01     2.5699E-03
  208.0    20.3       P01     4.1938E-03
  208.0    44.6       P01     1.0123E-02
  208.0    55.9       P01     1.5920E-02
  208.0    65.4       P01     3.4281E-02
  208.0    70.5       P01     6.4748E-02
  208.0    85.4       P01     9.0987E-02
  205.0    19.6       P01     4.1087E-03
  205.0    41.4       P01     8.9566E-03
  205.0    85.5       P01     9.0522E-02
  205.0   105.6       P01     3.2878E-02
  205.0   124.9       P01     4.3816E-03
  205.0   139.9       P01     2.0773E-04
  205.0     6.4       P01     2.6175E-03
  205.0    24.6       P01     4.8910E-03
  205.0    47.6       P01     1.1378E-02
  205.0    60.0       P01     2.0543E-02
  205.0    70.1       P01     6.2520E-02
  205.0    77.9       P01     1.4055E-01
  205.0    94.1       P01     6.1251E-02
  179.0    26.8       P01     5.4058E-03
  179.0    48.1       P01     1.1900E-02
  179.0    76.2       P01     1.2963E-01
  179.0    90.5       P01     7.1721E-02
  179.0   107.5       P01     2.8107E-02
  179.0   150.0       P01     1.8066E-04
  179.0     3.8       P01     2.4581E-03
  179.0    11.8       P01     3.2098E-03
  179.0    33.0       P01     6.7595E-03
  179.0    40.0       P01     8.7234E-03
  179.0    53.0       P01     1.4467E-02
  179.0    57.2       P01     1.7242E-02
  179.0    66.6       P01     4.2656E-02
  182.0    31.1       P01     6.2732E-03
  182.0    50.0       P01     1.2815E-02
  182.0    84.7       P01     9.2616E-02
  182.0    99.9       P01     4.5124E-02
  182.0   120.1       P01     8.9437E-03
  182.0   150.2       P01     1.8016E-04
  182.0     7.1       P01     2.7315E-03
  182.0    17.8       P01     3.9400E-03
  182.0    36.2       P01     7.5461E-03
  182.0    43.0       P01     9.7510E-03
  182.0    55.6       P01     1.6136E-02
  182.0    60.0       P01     2.1056E-02
  182.0    73.8       P01     1.0228E-01
  182.0    84.7       P01     9.2616E-02
  182.0    59.5       P01     2.0171E-02
  182.0     6.6       P01     2.6866E-03
   31.0     4.8       P_1     3.1658E-03
   31.0    15.1       P_1     4.4833E-03
   31.0    24.8       P_1     6.2818E-03
   31.0    34.6       P_1     8.9361E-03
   31.0    45.0       P_1     1.3222E-02
   31.0    64.3       P_1     3.9217E-02
   31.0    80.1       P_1     1.3036E-01
   31.0   100.1       P_1     4.3293E-02
   31.0   125.0       P_1     3.6633E-03
   33.0     5.0       P_1     3.1785E-03
   33.0    14.7       P_1     4.4130E-03
   33.0    30.4       P_1     7.6366E-03
   33.0    50.5       P_1     1.6549E-02
   33.0    60.4       P_1     2.9164E-02
   33.0    70.3       P_1     7.8869E-02
   33.0    85.4       P_1     8.7572E-02
   33.0    99.0       P_1     4.5998E-02
   33.0   124.0       P_1     4.7173E-03
   39.0     5.5       P_1     3.2071E-03
   39.0    15.6       P_1     4.5113E-03
   39.0    30.9       P_1     7.7103E-03
   39.0    50.4       P_1     1.6342E-02
   39.0    59.6       P_1     2.6837E-02
   39.0    70.4       P_1     7.9424E-02
   39.0    84.4       P_1     9.3026E-02
   39.0   100.4       P_1     4.2576E-02
   39.0   125.9       P_1     2.7568E-03
   40.0     5.1       P_1     3.1619E-03
   41.0     5.7       P_1     3.2204E-03
   41.0    20.2       P_1     5.2781E-03
   41.0    34.8       P_1     8.8863E-03
   41.0    50.1       P_1     1.6102E-02
   41.0    60.0       P_1     2.7749E-02
   41.0    80.0       P_1     1.3249E-01
   41.0    94.9       P_1     5.6839E-02
   41.0   100.9       P_1     4.1534E-02
   41.0   125.3       P_1     3.3873E-03
   41.0     5.9       P_1     3.2411E-03
  313.0    70.0       P_1     6.3738E-02
  313.0   125.4       P_1     5.2079E-03
  313.0   149.8       P_1     1.9732E-04
  313.0     9.8       P_1     3.0502E-03
  313.0    34.8       P_1     7.2923E-03
  313.0    54.2       P_1     1.5306E-02
  313.0    65.3       P_1     3.4425E-02
  313.0    79.0       P_1     1.4520E-01
  313.0    94.8       P_1     6.9679E-02
  313.0   109.8       P_1     2.9543E-02
  311.0    89.8       P_1     8.7823E-02
  311.0    49.4       P_1     1.2661E-02
  311.0    10.0       P_1     3.0736E-03
  311.0    90.9       P_1     8.3069E-02
  311.0   125.3       P_1     5.3103E-03
  311.0   150.4       P_1     1.9614E-04
  311.0     9.6       P_1     3.0333E-03
  311.0    29.8       P_1     6.0977E-03
  311.0    50.4       P_1     1.3157E-02
  311.0    65.1       P_1     3.3224E-02
  311.0    75.8       P_1     1.3283E-01
  311.0    91.1       P_1     8.2204E-02
  311.0   105.7       P_1     3.9062E-02
   48.0   100.9       P_1     4.1627E-02
   48.0   125.4       P_1     3.3082E-03
   48.0   150.3       P_1     2.0122E-04
   48.0     5.2       P_1     3.1443E-03
   48.0    15.5       P_1     4.4518E-03
   48.0    30.4       P_1     7.5035E-03
   48.0    40.2       P_1     1.0764E-02
   48.0    54.7       P_1     1.9618E-02
   48.0    69.7       P_1     7.4404E-02
   48.0    84.5       P_1     9.3361E-02
   45.0    75.2       P_1     1.3003E-01
   45.0    35.4       P_1     9.0288E-03
   45.0     5.2       P_1     3.1545E-03
   45.0    99.4       P_1     4.5046E-02
   45.0   124.7       P_1     4.0208E-03
   45.0   150.2       P_1     2.0145E-04
   45.0     5.2       P_1     3.1545E-03
   45.0    15.2       P_1     4.4229E-03
   45.0    25.1       P_1     6.2384E-03
   45.0    33.8       P_1     8.5412E-03
   45.0    45.3       P_1     1.3133E-02
   45.0    60.2       P_1     2.8047E-02
   45.0    75.2       P_1     1.3003E-01
  120.0    19.5       P_1     4.8029E-03
  120.0    40.2       P_1     1.0085E-02
  120.0    74.6       P_1     1.2379E-01
  120.0   100.0       P_1     4.6871E-02
  120.0   124.5       P_1     4.5880E-03
  120.0     4.7       P_1     2.9043E-03
  120.0     9.5       P_1     3.4125E-03
  120.0    24.5       P_1     5.7189E-03
  120.0    29.6       P_1     6.8522E-03
  120.0    34.5       P_1     8.1819E-03
  120.0    44.9       P_1     1.2067E-02
  120.0    54.6       P_1     1.7951E-02
  118.0    54.8       P_1     1.8143E-02
  118.0    29.9       P_1     6.9329E-03
  118.0     5.1       P_1     2.9475E-03
  118.0    20.2       P_1     4.9231E-03
  118.0    69.1       P_1     6.6505E-02
  118.0    84.8       P_1     9.7617E-02
  118.0   100.9       P_1     4.4648E-02
  118.0   125.0       P_1     4.0606E-03
  118.0     5.0       P_1     2.9378E-03
  118.0     9.7       P_1     3.4406E-03
  118.0    25.3       P_1     5.8823E-03
  118.0    29.9       P_1     6.9329E-03
  118.0    35.0       P_1     8.3372E-03
  118.0    39.8       P_1     9.9609E-03
  118.0    55.1       P_1     1.8380E-02
  208.0    70.1       P_1     6.8916E-02
  208.0    45.0       P_1     1.1352E-02
  208.0     6.1       P_1     2.8583E-03
  208.0    15.3       P_1     3.9031E-03
  208.0    36.5       P_1     8.2497E-03
  208.0    80.7       P_1     1.3370E-01
  208.0   100.8       P_1     4.8260E-02
  208.0   130.4       P_1     2.0104E-03
  208.0   150.3       P_1     1.9727E-04
  208.0     5.9       P_1     2.8401E-03
  208.0    20.3       P_1     4.6348E-03
  208.0    44.6       P_1     1.1187E-02
  208.0    55.9       P_1     1.7594E-02
  208.0    65.4       P_1     3.7886E-02
  208.0    70.5       P_1     7.1557E-02
  208.0    85.4       P_1     1.0056E-01
  205.0    19.6       P_1     4.5379E-03
  205.0    41.4       P_1     9.8924E-03
  205.0    85.5       P_1     9.9980E-02
  205.0   105.6       P_1     3.6313E-02
  205.0   124.9       P_1     4.8394E-03
  205.0   139.9       P_1     2.2944E-04
  205.0     6.4       P_1     2.8910E-03
  205.0    24.6       P_1     5.4020E-03
  205.0    47.6       P_1     1.2566E-02
  205.0    60.0       P_1     2.2689E-02
  205.0    70.1       P_1     6.9052E-02
  205.0    77.9       P_1     1.5524E-01
  205.0    94.1       P_1     6.7650E-02
  179.0    26.8       P_1     5.9385E-03
  179.0    48.1       P_1     1.3073E-02
  179.0    76.2       P_1     1.4240E-01
  179.0    90.5       P_1     7.8789E-02
  179.0   107.5       P_1     3.0877E-02
  179.0   150.0       P_1     1.9847E-04
  179.0     3.8       P_1     2.7004E-03
  179.0    11.8       P_1     3.5261E-03
  179.0    33.0       P_1     7.4257E-03
  179.0    40.0       P_1     9.5831E-03
  179.0    53.0       P_1     1.5892E-02
  179.0    57.2       P_1     1.8941E-02
  179.0    66.6       P_1     4.6859E-02
  182.0    31.1       P_1     6.8956E-03
  182.0    50.0       P_1     1.4086E-02
  182.0    84.7       P_1     1.0181E-01
  182.0    99.9       P_1     4.9602E-02
  182.0   120.1       P_1     9.8312E-03
  182.0   150.2       P_1     1.9803E-04
  182.0     7.1       P_1     3.0025E-03
  182.0    17.8       P_1     4.3310E-03
  182.0    36.2       P_1     8.2949E-03
  182.0    43.0       P_1     1.0719E-02
  182.0    55.6       P_1     1.7737E-02
  182.0    60.0       P_1     2.3145E-02
  182.0    73.8       P_1     1.1243E-01
  182.0    84.7       P_1     1.0181E-01
  182.0    59.5       P_1     2.2173E-02
  182.0     6.6       P_1     2.9531E-03
