"DOY" "Depth" "SIZE10" "SIZE3" "SIZE1" "SIZE_L1"
24 5.4 0.07 0.05 0.13 0.06
24 15.3 0.07 0.06 0.16 0.04
24 24.7 0.07 0.05 0.13 0.06
24 35.3 0.07 0.05 0.11 0.05
24 45.1 0.06 0.05 0.11 0.06
24 60.3 0.06 0.05 0.11 0.06
24 69.5 0.07 0.06 0.11 0.05
24 100.1 0.07 0.05 0.14 0.04
24 125.9 0.01 0.01 0 0
25 5 0.11 0.05 0.11 0.08
45 5.8 0.11 0.07 0.12 0.1
46 4.6 0.12 0.06 0.13 0.12
46 10.1 0.1 0.06 0.15 0.11
46 25.4 0.11 0.06 0.15 0.11
46 30.5 0.11 0.09 0.15 0.1
46 39.3 0.12 0.08 0.18 0.07
46 54.6 0.1 0.08 0.17 0.08
46 69.4 0.1 0.08 0.15 0.09
46 99.9 0.09 0.07 0.18 0.07
46 125.2 0.09 0.07 0.13 0.08
301 48.9 0.02 0.06 0.15 0.02
301 59.2 0.02 0.03 0.11 0.02
301 80 0.01 0.01 0.01 0
301 6.1 0.03 0.1 0.4 0.14
301 9.9 0.03 0.1 0.37 0.12
301 14.6 0.02 0.1 0.34 0.12
301 19.1 0.02 0.1 0.36 0.2
301 28.9 0.03 0.15 0.36 0.12
301 40.5 0.02 0.08 0.37 0.15
301 44.7 0.03 0.06 0.25 0.06
299 44.6 0.03 0.07 0.27 0.05
299 30.4 0.03 0.12 0.36 0.09
299 5 0.02 0.07 0.26 0.15
298 5.4 0.04 0.08 0.44 0.08
298 9.9 0.03 0.13 0.38 0.05
298 19.5 0.05 0.08 0.31 0.15
298 30.2 0.03 0.13 0.28 0.11
298 34.8 0.03 0.08 0.27 0.07
298 44.7 0.04 0.07 0.19 0.05
298 54.1 0.02 0.06 0.1 0.01
60 5.2 0.11 0.06 0.11 0.09
60 15.3 0.1 0.09 0.18 0.04
60 30.7 0.08 0.06 0.14 0.08
60 39.9 0.08 0.06 0.15 0.06
60 50.1 0.11 0.06 0.15 0.06
60 65.4 0.12 0.06 0.1 0.1
60 75.5 0.08 0.06 0.11 0.11
56 100.3 0.07 0.04 0.1 0.03
56 125.6 0.01 0.01 0 0
56 150.3 0.01 0.01 0 0
56 4.9 0.09 0.06 0.16 0.05
56 15.1 0.08 0.07 0.22 0.04
56 30.7 0.1 0.08 0.15 0.04
56 40.4 0.1 0.08 0.16 0.04
56 50 0.11 0.07 0.16 0.06
56 65 0.09 0.06 0.14 0.05
56 74.6 0.11 0.06 0.16 0.07
112 19.7 0.11 0.15 0.15 0.08
112 40.2 0.11 0.13 0.13 0.07
112 79.3 0.03 0.05 0.06 0.04
112 99.7 0.03 0.03 0.03 0.02
112 124.7 0.01 0.01 0 0
112 5 0.06 0.11 0.14 0.09
112 9.1 0.08 0.11 0.15 0.11
112 25.1 0.08 0.11 0.12 0.08
112 29.3 0.07 0.09 0.1 0.08
112 34.9 0.11 0.08 0.12 0.09
112 44 0.1 0.09 0.12 0.1
112 59.4 0.08 0.09 0.08 0.08
110 59.8 0.07 0.07 0.11 0.09
110 29 0.09 0.09 0.1 0.08
110 5.1 0.09 0.08 0.1 0.09
110 19.2 0.06 0.09 0.14 0.08
110 39.2 0.05 0.08 0.14 0.09
110 79.5 0.05 0.05 0.1 0.06
110 100.3 0.03 0.03 0.04 0.02
110 125.6 0.01 0.01 0.01 0
110 5.1 0.07 0.16 0.07 0.08
110 9.6 0.07 0.07 0.14 0.06
110 24.3 0.06 0.08 0.12 0.08
110 29.3 0.06 0.09 0.11 0.08
110 34.6 0.06 0.09 0.12 0.08
110 44 0.09 0.06 0.12 0.09
110 59.3 0.06 0.07 0.11 0.08
188 11.9 0.2 0.12 0.3 0.23
188 45.1 0.53 0.2 0.22 0.23
188 70.3 0.08 0.03 0.05 0.03
188 100.2 0.01 0.01 0.01 0
188 125.2 0.01 0.01 0 0
188 3.3 0.18 0.15 0.4 0.1
188 6.5 0.2 0.14 0.4 0.11
188 14.8 0.24 0.16 0.35 0.16
188 19.7 0.43 0.15 0.4 0.31
188 24.7 0.54 0.14 0.64 0.12
188 27.9 0.45 0.16 0.4 0.31
188 35.7 0.54 0.17 0.48 0.15
185 25.2 0.67 0.14 0.41 0.11
185 3 0.56 0.27 0.28 0.22
185 12.4 0.44 0.17 0.41 0.16
185 50 0.22 0.12 0.1 0.06
185 75.3 0.04 0.03 0.04 0.01
185 100.6 0.01 0.01 0.01 0
185 125.7 0.01 0.01 0 0
185 3.2 0.38 0.19 0.33 0.14
185 7 0.41 0.19 0.33 0.12
185 15 0.56 0.16 0.41 0.17
185 20.2 0.61 0.18 0.51 0.11
185 25.2 0.48 0.23 0.42 0.11
185 27.9 0.57 0.16 0.3 0.1
185 38 0.46 0.23 0.14 0.13
181 55.6 0.14 0.13 0.1 0.06
181 70.6 0.03 0.03 0.06 0.02
181 85.7 0.02 0.02 0.04 0
181 5.6 0.38 0.12 0.42 0.11
181 9.6 0.41 0.13 0.39 0.09
181 14.8 0.36 0.22 0.37 0.08
181 19.9 0.51 0.16 0.43 0.1
181 25.2 0.4 0.11 0.32 0.21
181 30.1 0.45 0.13 0.3 0.19
181 40.2 0.42 0.17 0.28 0.16
162 13.1 0.11 0.2 0.5 0.17
162 50.4 0.05 0.1 0.19 0.16
162 75 0.02 0.06 0.06 0.06
162 2.9 0.09 0.25 0.63 0.08
162 6.9 0.1 0.25 0.3 0.28
162 15.6 0.12 0.22 0.4 0.07
162 22.5 0.09 0.2 0.38 0.2
162 26.7 0.09 0.25 0.51 0.26
162 30.3 0.12 0.32 0.28 0.42
162 40.2 0.1 0.16 0.34 0.13
165 16 0.03 0.08 0.28 0.13
165 55.2 0.03 0.09 0.13 0.13
165 80.2 0.01 0.04 0.05 0.03
165 4.1 0.03 0.07 0.26 0.17
165 7.3 0.04 0.08 0.3 0.09
165 20.3 0.04 0.09 0.26 0.2
165 26.1 0.04 0.09 0.3 0.19
165 30.8 0.06 0.14 0.26 0.18
165 35.2 0.06 0.15 0.33 0.11
165 45.1 0.05 0.12 0.2 0.16
165 45.2 0.02 0.08 0.16 0.17
165 31 0.02 0.08 0.25 0.22
165 4.4 0.03 0.12 0.32 0.24
