"DOY" "Depth" "Chl"
203 0 0.49
203 10.3 0.41
203 20.7 0.44
203 30.1 0.62
203 49.4 0.865
203 74.4 0.19
203 99.6 0.06
203 124.2 0.03
203 150 0.02
203 174 0.01
203 198.5 0.01
203 0 0.43
203 5.2 0.4
203 10 0.4
203 14.7 0.45
203 20.1 0.42
203 25.4 0.43
203 30.8 0.5
203 35.5 0.38
203 40.4 0.45
203 50.3 0.57
203 74.8 0.24
203 100.2 0.09
203 125.2 0.04
203 150 0.02
203 175.3 0.01
203 201 0.01
203 0 0.46
203 5.5 0.43
203 25.5 0.43
203 45.4 0.53
203 75.7 0.14
203 100.4 0.07
203 125.5 0.03
203 150 0.02
203 175.8 0.01
203 200.2 0.01
162 0 1.18
162 9.6 1.11
162 20.2 1.18
162 24.8 1.25
162 29.6 1.21
162 50 0.44
162 74.4 0.12
162 99.1 0.05
162 124.2 0.02
162 150 0.01
162 173.5 0.01
162 197.4 0
162 0 1.19
162 2.9 1.185
162 6.8 1.16
162 13.1 1.21
162 15.9 1.18
162 22.3 1.21
162 26.4 1.29
162 30.5 1.385
162 40.1 0.94
162 50.4 0.54
162 75 0.23
162 100 0.06
162 124.9 0.03
162 150 0.02
162 175.4 0.01
162 199.2 0.01
165 0 0.61
165 3.7 0.595
165 7.4 0.59
165 16 0.63
165 20.2 0.64
165 26.1 0.69
165 31.1 0.76
165 35.1 0.825
165 45 0.61
165 55.2 0.4
165 80.2 0.13
165 99.8 0.08
165 125.3 0.04
165 150 0.01
165 175.1 0.01
165 199.7 0.01
181 0 1.03
181 5.3 0.99
181 10.2 1
181 15.4 1.09
181 20.2 1.26
181 25.7 1.14
181 30.2 1.13
181 40.6 0.985
181 55.6 0.45
181 70.6 0.15
181 85.7 0.08
181 99.8 0.04
181 125 0.03
181 150 0.02
181 176.1 0.01
181 200.5 0.01
181 0 1.15
181 10.9 1.15
181 20.5 1.19
181 30.3 1.25
181 50.4 0.755
181 75.5 0.17
181 99.3 0.08
181 123.9 0.03
181 150 0.03
181 173.2 0.02
181 196.7 0.01
185 0 1.17
185 3.1 1.125
185 6.8 1.13
185 12.4 1.26
185 15.1 1.28
185 20.3 1.46
185 25.1 1.43
185 27.9 1.31
185 38.1 1.16
185 50.1 0.55
185 75.4 0.12
185 100.5 0.04
185 125.7 0.03
185 150 0.02
185 175.1 0.01
185 200.5 0.01
188 0 0.93
188 3.4 0.845
188 6.6 0.85
188 11.9 0.94
188 14.6 0.89
188 19.7 1.24
188 24.9 1.52
188 28.1 1.475
188 35.5 1.46
188 45.1 1.32
188 70.3 0.21
188 100.2 0.05
188 125.2 0.03
188 150 0.02
188 175.2 0.02
188 200.4 0.01
109 0 0.46
109 10.8 0.435
109 19.5 0.45
109 30.4 0.45
109 52.5 0.435
109 74.5 0.36
109 101 0.24
109 123.6 0.12
109 150 0.02
109 174.7 0.01
109 199 0.01
110 0 0.48
110 5.2 0.435
110 10.1 0.45
110 19.2 0.45
110 24.4 0.43
110 29 0.43
110 34.2 0.45
110 39.2 0.45
110 43.6 0.45
110 59.1 0.36
110 79.5 0.3
110 100.3 0.13
110 125.6 0.03
110 150 0.01
110 175.3 0.01
110 199.7 0.01
112 0 0.54
112 5.2 0.465
112 9.2 0.53
112 19.7 0.51
112 25 0.48
112 29.6 0.48
112 34.6 0.53
112 40.2 0.48
112 44.2 0.5
112 59.3 0.36
112 79.3 0.19
112 99.6 0.1
112 124.7 0.03
112 150 0.01
112 175.3 0
112 199.7 0
56 0 0.46
56 4.5 0.44
56 15.1 0.43
56 20.3 0.43
56 30.5 0.42
56 40.3 0.41
56 50.4 0.29
56 64.6 0.43
56 75.4 0.44
56 79.8 0.41
56 89.7 0.39
56 100.3 0.2
56 125.6 0.02
56 150 0.02
56 174.2 0.02
56 199.8 0.01
56 0 0.46
56 10 0.445
56 20 0.45
56 29.7 0.44
56 50.3 0.445
56 75.3 0.43
56 100 0.44
56 125.4 0.07
56 150 0.01
56 174.7 0.01
56 198.3 0.01
61 0 0.47
297 4.2 0.62
297 10.3 0.625
297 25.5 0.65
297 48.9 0.55
297 73.9 0.05
297 98.9 0.02
297 123.9 0.01
297 150 0.01
297 174 0.01
297 198.1 0
298 0 0.65
298 5.5 0.65
298 10 0.635
298 19.5 0.64
298 29.9 0.65
298 34.8 0.63
298 44.6 0.475
298 54.3 0.27
298 69.9 0.08
298 79.8 0.06
298 89.9 0.03
298 100.3 0.04
298 125.4 0
298 150 0
298 175.3 0
298 199.5 0.01
299 5.1 0.66
299 30.4 0.68
299 44.5 0.49
301 0 0.7
301 6.4 0.68
301 10.1 0.685
301 14.7 0.7
301 19.6 0.69
301 29.6 0.7
301 39.9 0.705
301 44 0.46
301 48.9 0.3
301 59.2 0.19
301 79.9 0.03
301 99.5 0.01
301 124.6 0
301 150 0
301 175.8 0
301 199.7 0
24 0 0.35
24 5.5 0.36
24 15.3 0.34
24 24.7 0.35
24 35.3 0.37
24 45 0.35
24 49.6 0.34
24 69.5 0.33
24 79.7 0.35
24 90.2 0.34
24 100 0.33
24 125.9 0.03
24 150 0.01
24 174.5 0.01
24 199.7 0.01
25 0 0.38
25 5.2 0.35
25 10.3 0.37
25 20.5 0.36
25 35.6 0.37
25 45.2 0.37
25 50.1 0.36
25 60.8 0.36
25 75.5 0.38
25 80.4 0.37
25 90 0.34
25 100.8 0.36
25 125.3 0.02
25 150 0.01
25 175.8 0.01
25 201.4 0.01
25 0 0.38
25 10 0.37
25 19.2 0.33
25 31.7 0.37
25 51.6 0.36
25 75.2 0.33
25 98.2 0.32
25 125 0.02
25 150 0.01
25 175 0.01
25 198.2 0.01
45 0 0.42
45 5.1 0.44
45 10.8 0.435
45 21 0.44
45 30.2 0.44
45 40.3 0.43
45 49.9 0.43
45 58.8 0.42
45 71.1 0.42
45 80.6 0.44
45 91.6 0.44
45 100.2 0.43
45 124.1 0.43
45 150 0.02
45 175.8 0.01
45 200.1 0.01
45 0 0.44
45 5.8 0.42
45 49.7 0.43
45 101.3 0.43
45 124.9 0.06
45 150 0.01
45 173.3 0.01
45 200.3 0.01
46 0 0.44
46 4.6 0.44
46 10.1 0.455
46 25.4 0.47
46 30.4 0.45
46 39.3 0.44
46 54.6 0.46
46 60.8 0.45
46 69.4 0.46
46 79.5 0.45
46 89.8 0.44
46 99.9 0.44
46 125.2 0.4
46 150 0.01
46 174.4 0.01
46 199.3 0.01
154 0 0.97
154 4.9 1.01
154 9.6 1.015
154 19.5 0.99
154 29.9 0.92
154 39.6 0.85
154 49.7 0.73
154 59.4 0.48
154 69.7 0.29
154 79.6 0.2
154 90 0.11
154 99.9 0.05
154 125.5 0.02
154 150 0.01
154 201 0.01
163 0 1.47
163 4.2 1.23
163 9.6 1.395
163 14.3 1.38
163 19.9 1.43
163 29.4 1.23
163 39.9 0.88
163 49.7 0.49
163 59.3 0.32
163 69.6 0.25
163 79.1 0.2
163 89.5 0.12
163 99.9 0.07
163 124.5 0.02
163 150 0.01
163 200.3 0.01
172 0 0.54
172 5.1 0.52
172 10.2 0.55
172 15.2 0.52
172 19.9 0.53
172 24.9 0.6
172 34.4 1.01
172 44.7 1.16
176 0 0.52
176 11 0.475
176 19.4 0.48
176 29.7 0.62
176 39.7 0.74
176 49.8 0.79
176 59.3 1.09
176 69.7 0.65
176 80.5 0.24
176 89.5 0.11
176 124 0.04
176 150 0.02
176 199.5 0.01
180 0 0.31
180 5.2 0.29
180 9.9 0.325
180 14.9 0.3
180 19.9 0.32
180 25.1 0.34
180 30 0.39
180 35.1 0.52
180 40.3 0.87
180 44.8 0.94
180 50.2 0.83
180 60.4 0.65
180 70.5 0.45
180 79.9 0.22
180 89.6 0.13
180 100 0.06
180 124.9 0.02
180 150 0.01
180 200.7 0.01
182 0 0.385
182 9.9 0.3
182 19.7 0.29
182 29.8 0.31
182 39.8 0.35
182 49.8 0.68
182 59.6 0.72
182 69.2 0.35
182 79.9 0.2
182 90.1 0.09
182 99.7 0.05
182 124.8 0.02
182 150 0.02
182 201.2 0.01
189 0 0.785
189 4.7 0.76
189 10 0.81
189 14.8 0.96
189 20.1 1.08
189 30.2 1.17
189 40.4 1.16
189 50.5 0.83
189 60 0.43
189 70.3 0.22
189 80.3 0.43
189 89.8 0.81
189 101 0.16
189 125.4 0.04
189 150 0.02
189 201.2 0.01
191 0 0.885
191 9.9 0.95
191 19.8 0.98
191 30 1.33
191 40.1 1.02
191 50.2 0.58
191 59.7 0.31
191 70 0.29
191 79.8 0.18
191 90.1 0.11
191 100.1 0.04
191 124.7 0.03
191 150 0.02
191 200.5 0.02
197 0 0.44
197 4.8 0.39
197 10.1 0.405
197 19.8 0.39
197 29.9 0.48
197 39.5 0.67
197 44.9 0.77
197 49.2 0.9
197 55.1 0.78
197 59.8 0.53
197 70.6 0.23
197 80.1 0.18
197 89.5 0.09
197 100 0.06
197 124.6 0.02
197 150 0.02
197 199.9 0.01
