"Depth" "M1" "M2" "M3" "M4" "M5" "M6" "M7" "M8" "M9" "M10" "M11" "M12"
-1487.5 2.04259997606277 2.05227744579315 2.05995500087738 2.07608252763748 2.03665000200272 2.06209999322891 2.05714994668961 2.04997497797012 2.05880254507065 2.06907498836517 2.09744995832443 2.07032001018524
-1450 2.08520501852036 2.09123003482819 2.09931498765945 2.09585750102997 2.07659500837326 2.10338252782822 2.0925800204277 2.10592496395111 2.10592246055603 2.10157495737076 2.1392275094986 2.10604500770569
-1400 2.11913251876831 2.13747501373291 2.12897503376007 2.13392746448517 2.10590004920959 2.10552245378494 2.12352496385574 2.1496199965477 2.14122754335403 2.12960505485535 2.1818500161171 2.13370501995087
-1350 2.16142749786377 2.18407744169235 2.17678254842758 2.19020503759384 2.13487499952316 2.12287753820419 2.15737748146057 2.19354754686356 2.18201500177383 2.20794743299484 2.23714751005173 2.17437255382538
-1300 2.21310245990753 2.19955253601074 2.22092252969742 2.23416745662689 2.20027750730515 2.17194998264313 2.19775253534317 2.23602002859116 2.22705501317978 2.22047001123428 2.26419746875763 2.20609503984451
-1250 2.26256000995636 2.24155002832413 2.24215751886368 2.26912498474121 2.22157996892929 2.25259751081467 2.27871996164322 2.26465249061584 2.25875002145767 2.25682502985001 2.30190497636795 2.24805504083633
-1200 2.30360496044159 2.29008001089096 2.29482752084732 2.31894749403 2.2756775021553 2.30045253038406 2.32069498300552 2.3146750330925 2.30265253782272 2.30094492435455 2.36034995317459 2.29379749298096
-1150 2.35032999515533 2.35869753360748 2.34957247972488 2.35871493816376 2.33180499076843 2.3264274597168 2.37255257368088 2.39744997024536 2.35767751932144 2.36827999353409 2.4042449593544 2.34692746400833
-1100 2.40679752826691 2.42859756946564 2.41527503728867 2.41111993789673 2.37932753562927 2.38272750377655 2.41692000627518 2.37359750270844 2.40964752435684 2.42212253808975 2.48085004091263 2.40099495649338
-1050 2.46377503871918 2.46929997205734 2.47934746742249 2.47122246026993 2.43504244089127 2.42617505788803 2.490149974823 2.40975248813629 2.47295999526978 2.46677750349045 2.53259748220444 2.44547498226166
-1000 2.53033000230789 2.53200495243073 2.53377997875214 2.53237247467041 2.47082751989365 2.51807743310928 2.56654500961304 2.43508005142212 2.55990749597549 2.52625244855881 2.5925475358963 2.50136500597
-950 2.58965247869492 2.60492497682571 2.58877497911453 2.60932755470276 2.53262501955032 2.57993000745773 2.63415241241455 2.56424742937088 2.5857999920845 2.56409502029419 2.64364755153656 2.56284749507904
-900 2.67089998722076 2.68322747945786 2.65764498710632 2.68058252334595 2.5947499871254 2.64205253124237 2.70346999168396 2.64642006158829 2.6540424823761 2.65577751398087 2.71004754304886 2.62753003835678
-850 2.72967499494553 2.7428725361824 2.72167754173279 2.71248000860214 2.71982997655869 2.73483246564865 2.76016998291016 2.64808994531631 2.74195247888565 2.73802500963211 2.78622502088547 2.75126999616623
-800 2.78547751903534 2.85776501893997 2.80775499343872 2.80999499559402 2.80396997928619 2.82547497749329 2.82297748327255 2.76097500324249 2.79002749919891 2.79475003480911 2.84139496088028 2.76415252685547
-750 2.85135507583618 2.93722498416901 2.87607502937317 2.89577496051788 2.85435253381729 2.94887495040894 2.93950003385544 2.84788250923157 2.90337252616882 2.8799250125885 2.91282999515533 2.87735253572464
-700 2.93242001533508 2.97345507144928 2.94600754976273 2.93301999568939 2.89135497808456 2.92630749940872 2.96562999486923 2.92667502164841 2.93145000934601 2.940524995327 2.96069747209549 2.85750252008438
-650 2.98719996213913 3.05034506320953 3.05798250436783 3.01290500164032 2.95712000131607 2.98205250501633 3.05592000484467 3.01225000619888 3.04532504081726 2.98224997520447 3.04588001966476 2.975850045681
-600 3.06472992897034 3.09114497900009 3.09900504350662 3.08517754077911 2.99756997823715 3.11075752973557 3.09552502632141 3.05497246980667 3.11119997501373 3.03634756803513 3.04375505447388 3.0253250002861
-550 3.08207494020462 3.15532749891281 3.14837497472763 3.16307747364044 3.07944494485855 3.12728255987167 3.15804994106293 3.11337995529175 3.17041003704071 3.178995013237 3.18772500753403 3.09790247678757
-506.25 3.31657499074936 3.22084748744965 3.18580502271652 3.24515002965927 3.16470247507095 3.24632996320724 3.22417747974396 3.19752252101898 3.22922253608704 3.22176998853683 3.26877003908157 3.20286995172501
-475 3.37979501485825 3.23559498786926 3.23904752731323 3.25001001358032 3.18980747461319 3.27960997819901 3.25192499160767 3.22425246238708 3.27000498771667 3.24648004770279 3.29397749900818 3.22922247648239
-450 3.35324001312256 3.26859492063522 3.27214497327805 3.27360254526138 3.22375500202179 3.29394996166229 3.28830254077911 3.25730502605438 3.30612498521805 3.29534995555878 3.37797248363495 3.30239504575729
-425 3.32509994506836 3.317327439785 3.29734998941422 3.30182498693466 3.25437498092651 3.32072252035141 3.31434994935989 3.26940006017685 3.31607747077942 3.31232243776321 3.39553254842758 3.3354474902153
-400 3.34962499141693 3.33449745178223 3.33430004119873 3.32012498378754 3.27705496549606 3.33479750156403 3.33531999588013 3.2848749756813 3.33569502830505 3.33837747573853 3.41280001401901 3.33909505605698
-375 3.34647250175476 3.34790503978729 3.35290002822876 3.35264497995377 3.29697245359421 3.34429502487183 3.35394245386124 3.3004275560379 3.35339498519897 3.35517251491547 3.35215002298355 3.3601975440979
-350 3.3662074804306 3.35448002815247 3.35530000925064 3.37110501527786 3.33019995689392 3.34227752685547 3.36055248975754 3.31090253591537 3.35627502202988 3.35937505960464 3.34866744279861 3.38530004024506
-325 3.37262243032455 3.38857996463776 3.36327755451202 3.37915003299713 3.34660005569458 3.33742755651474 3.3709300160408 3.32842999696732 3.35047745704651 3.36900496482849 3.34587001800537 3.37955498695374
-300 3.39564752578735 3.36892253160477 3.36264753341675 3.37463003396988 3.34843993186951 3.32600253820419 3.36679500341415 3.34304749965668 3.3353299498558 3.36010253429413 3.31225502490997 3.379370033741
-275 3.38580250740051 3.35777997970581 3.36044996976852 3.35422247648239 3.32911002635956 3.3074699640274 3.3494525551796 3.35042244195938 3.31764495372772 3.36610740423203 3.32220250368118 3.36130499839783
-250 3.38269507884979 3.35076999664307 3.37449753284454 3.32675498723984 3.27178001403809 3.27432245016098 3.30995243787766 3.32181745767593 3.33001750707626 3.31247252225876 3.27804499864578 3.3489100933075
-225 3.35944503545761 3.31323498487473 3.36117249727249 3.24590498209 3.15807753801346 3.16074502468109 3.30197751522064 3.28419750928879 3.25414746999741 3.28410249948502 3.174899995327 3.20532500743866
-200 3.21862250566483 3.20583254098892 3.3004475235939 3.0322699546814 2.99709248542786 3.16072249412537 3.25897002220154 3.09667748212814 3.11654752492905 3.17655253410339 3.01720249652863 3.09994500875473
-175 3.10260003805161 3.03162747621536 3.07679998874664 2.8447499871254 2.82603245973587 2.88970005512238 2.96312749385834 2.76172494888306 2.83869004249573 2.95547497272491 2.67960000038147 2.75162500143051
-150 2.84729999303818 2.63025504350662 2.68882501125336 2.46972751617432 2.4215224981308 2.42087751626968 2.46149498224258 2.24322497844696 2.43249750137329 2.35444754362106 2.35633248090744 2.25294494628906
-125 2.32914751768112 2.11445504426956 1.64917999505997 1.82677000761032 1.72640001773834 1.77072247862816 1.78365501761436 1.67964497208595 1.89734750986099 1.7318274974823 2.07302504777908 1.77504497766495
-105 2.02099499106407 1.55942502617836 1.17749500274658 1.34479749202728 1.34788003563881 1.46538251638412 1.40200501680374 1.46085503697395 1.61296999454498 1.49284747242928 1.94837248325348 1.9682500064373
-95 1.94784998893738 1.62493002414703 1.22327497601509 1.35712999105453 1.36940249800682 1.54859998822212 1.43697500228882 1.45570251345634 1.62839248776436 1.52878251671791 2.14566999673843 2.19373500347137
-90 1.96463248133659 1.54932498931885 1.22994247078896 1.36022245883942 1.43647250533104 1.55445751547813 1.47847750782967 1.48435500264168 1.67492997646332 1.58779498934746 2.37882500886917 2.34259498119354
-85 2.02183002233505 1.52927500009537 1.25867000222206 1.37407249212265 1.48750999569893 1.62184751033783 1.52027997374535 1.51947250962257 1.75086498260498 1.63810500502586 2.69560247659683 2.55650502443314
-80 2.09430754184723 1.56479248404503 1.26807999610901 1.38612750172615 1.5196724832058 1.76350250840187 1.58773249387741 1.57936745882034 1.86186751723289 1.73304998874664 3.03746497631073 2.84114998579025
-75 2.14910000562668 1.54397502541542 1.26795500516891 1.37262752652168 1.56525000929832 1.85462999343872 1.68015000224113 1.67387250065804 1.95148250460625 1.89106002449989 3.47636991739273 3.08761745691299
-70 2.17477250099182 1.51911997795105 1.25511997938156 1.37987250089645 1.59761500358582 1.96408000588417 1.81756749749184 1.797577470541 2.10279494524002 2.22517496347427 3.72412747144699 3.30274498462677
-65 2.1982050538063 1.50434750318527 1.24520000815392 1.3904325067997 1.62942498922348 2.11882752180099 1.9652224779129 1.96047002077103 2.2900750041008 2.62077248096466 4.22674989700317 3.46867001056671
-60 2.21023255586624 1.49420249462128 1.23659247159958 1.40369999408722 1.68812501430511 2.30805999040604 2.15669500827789 2.17357504367828 2.49417501688004 2.81345003843307 4.45912992954254 3.5907975435257
-55 2.18792504072189 1.51282501220703 1.22185751795769 1.41644498705864 1.75923997163773 2.51037502288818 2.40544748306274 2.42604500055313 2.7768149971962 3.51372498273849 5.37635254859924 3.64074748754501
-50 2.17932504415512 1.52696746587753 1.22482749819756 1.434077501297 1.83942502737045 2.74378496408463 2.73877251148224 2.80186992883682 3.55113005638123 5.28357493877411 6.01044499874115 3.64580005407333
-45 2.25640249252319 1.54627248644829 1.22451496124268 1.48076745867729 1.92760500311852 3.00000751018524 3.19180750846863 3.35257005691528 4.74407243728638 6.31662249565125 6.32948243618011 3.66357243061066
-40 2.25654751062393 1.55042499303818 1.22357502579689 1.4933474957943 2.01349499821663 3.22157746553421 3.71717745065689 4.04183000326157 6.07525241374969 7.534672498703 6.38194251060486 3.67976498603821
-35 2.25421744585037 1.54965749382973 1.22643002867699 1.51384502649307 2.09343498945236 3.46625000238419 4.33834755420685 4.99544751644135 7.50870490074158 8.37762498855591 6.39239752292633 3.69335752725601
-30 2.25229495763779 1.54177752137184 1.22999501228333 1.52249747514725 2.16681998968124 3.70949500799179 5.16910004615784 6.22349750995636 8.82297277450562 8.83870720863342 6.40360009670258 3.71015250682831
-25 2.26652497053146 1.55617249011993 1.24452248215675 1.52631747722626 2.24282246828079 3.95560002326965 6.23520255088806 7.79614245891571 10.0001773834229 9.1295952796936 6.41859245300293 3.73746502399445
-20 2.27032744884491 1.56823000311852 1.25114998221397 1.51882499456406 2.30566996335983 4.12749993801117 7.16521990299225 9.27067255973816 10.9052226543427 9.30732727050781 6.42940509319305 3.75616496801376
-15 2.28932756185532 1.59517747163773 1.25837749242783 1.51754748821259 2.34095752239227 4.29548001289368 7.82296013832092 10.4647796154022 11.36115026474 9.38992762565613 6.44257497787476 3.75917506217957
-10 2.31244999170303 1.58522000908852 1.26250749826431 1.52414494752884 2.34240001440048 4.40123999118805 8.25847029685974 11.3586072921753 11.5293500423431 9.44082260131836 6.48475253582001 3.7558000087738
-5 2.4615975022316 1.60747501254082 1.28330501914024 1.51712250709534 2.36334747076035 4.47910261154175 8.39777255058289 11.6174976825714 11.5423727035522 9.50522255897522 6.51016747951508 3.74922251701355
-1.25 2.51159250736237 1.61947751045227 1.3340499997139 1.50507003068924 2.51482003927231 4.7087174654007 8.62626814842224 11.7487001419067 11.6136000156403 9.54483199119568 6.56064236164093 3.74681746959686
