"DOY" "Depth" "TIN"
203 0 7.12
203 10.3 7.09
203 20.7 7.1
203 30.1 7.905
203 49.4 10.535
203 74.4 11.575
203 99.6 12.72
203 124.2 13.375
203 150 15.845
203 174 18.615
203 198.5 19.91
203 247.6 21.295
203 0 7.415
203 5.2 7.35
203 10 7.255
203 14.7 7.155
203 20.1 7.2
203 25.4 7.205
203 30.8 7.415
203 35.5 9.415
203 40.4 10.235
203 50.3 10.945
203 74.8 11.84
203 100.2 12.675
203 125.2 12.99
203 150 15.305
203 175.3 19.43
203 201 20.045
203 225.6 20.655
203 0 7.13
203 5.5 7.205
203 25.5 8.09
203 45.4 10.7
203 75.7 11.405
203 100.4 11.725
203 125.5 12.195
203 150 15.095
203 175.8 18.79
203 200.2 20.385
161 0 19.95
161 12 19.73
161 26 19.9
161 52 22.35
161 78 24.55
161 102 25.3
161 127 29.3
161 150 39.38
161 202 43.4
162 0 17.69
162 9.6 17.495
162 20.2 17.54
162 24.8 17.6
162 29.6 17.64
162 50 21.17
162 74.4 22.955
162 99.1 24.945
162 124.2 33.57
162 150 40.55
162 173.5 43.435
162 197.4 44.765
162 246.9 45.5
162 0 18.2
162 2.9 17.935
162 6.8 17.99
162 13.1 17.945
162 15.9 17.93
162 22.3 17.99
162 26.4 17.97
162 30.5 18.22
162 40.1 20.345
162 50.4 22.32
162 75 22.805
162 100 24.47
162 124.9 28.525
162 150 36.2
162 175.4 41.745
162 199.2 43.395
162 224.3 45.09
162 249.7 45.435
165 0 18.39
165 3.7 18.01
165 7.4 17.93
165 16 18.02
165 20.2 18.03
165 26.1 18.005
165 31.1 18.175
165 35.1 18.76
165 45 21.55
165 55.2 22
165 80.2 22.8
165 99.8 23.34
165 125.3 26.235
165 150 35.185
165 175.1 39.45
165 199.7 42.09
165 224.6 43.07
162 0 19.85
162 11 19.59
162 51 22.09
162 101 27.59
162 125 35.1
162 150 40.8
162 201 43.94
162 250 44.89
234 0 4.09
234 11 4.19
234 25 7.16
234 50 24.77
234 76 26.5
234 101 28.58
234 125 29.35
234 150 33.16
234 201 43.13
181 0 18.425
181 5.3 18.41
181 10.2 18.375
181 15.4 18.375
181 20.2 18.42
181 25.7 19.345
181 30.2 20.42
181 40.6 22.8
181 55.6 23.66
181 70.6 25.2
181 85.7 26.36
181 99.8 28.95
181 125 37.445
181 150 41.86
181 176.1 43.585
181 200.5 45.325
181 225.1 45.66
181 0 17.255
181 10.9 17.16
181 20.5 17.56
181 30.3 18.535
181 50.4 21.94
181 75.5 24.155
181 99.3 26.185
181 123.9 32.315
181 150 39.6
181 173.2 42.22
181 196.7 44.225
181 246.9 44.915
185 0 17.375
185 3.1 17.155
185 6.8 17.18
185 12.4 17.195
185 15.1 17.24
185 20.3 17.64
185 25.1 18.155
185 27.9 19.015
185 38.1 22.37
185 50.1 23.75
185 75.4 25.845
185 100.5 28.19
185 125.7 36.575
185 150 42.11
185 175.1 43.735
185 200.5 44.54
185 225.4 44.93
188 0 16.58
188 3.4 16.43
188 6.6 16.485
188 11.9 16.485
188 14.6 16.545
188 19.7 16.89
188 24.9 17.355
188 28.1 17.545
188 35.5 19.355
188 45.1 22.415
188 70.3 25.04
188 100.2 27.255
188 125.2 35.245
188 150 40.825
188 175.2 43.17
188 200.4 44.46
188 224.8 44.95
109 0 25.135
109 10.8 24.93
109 19.5 24.96
109 30.4 24.945
109 52.5 24.945
109 74.5 25.12
109 101 25.665
109 123.6 27.985
109 150 39.245
109 174.7 41.235
109 199 43.35
109 248.2 45.02
110 0 25.425
110 5.2 25.29
110 10.1 25.37
110 19.2 25.415
110 24.4 25.345
110 29 25.37
110 34.2 25.355
110 39.2 25.44
110 43.6 25.5
110 59.1 25.585
110 79.5 25.675
110 100.3 28.11
110 125.6 35.555
110 150 41.695
110 175.3 44.12
110 199.7 44.905
110 225.2 45.1
112 0 25.475
112 5.2 25.305
112 9.2 25.405
112 19.7 25.37
112 25 25.39
112 29.6 25.385
112 34.6 25.415
112 40.2 25.45
112 44.2 25.415
112 59.3 25.545
112 79.3 26.17
112 99.6 27.54
112 124.7 33.645
112 150 38.465
112 175.3 41.405
112 199.7 43.075
112 224.5 44.78
112 250 44.94
56 0 22.13
56 4.5 22.11
56 15.1 22.14
56 20.3 22.125
56 30.5 22.205
56 40.3 22.31
56 50.4 22.265
56 64.6 22.225
56 75.4 22.295
56 79.8 22.375
56 89.7 22.275
56 100.3 23.275
56 125.6 36.255
56 150 39.305
56 174.2 41.51
56 199.8 43.225
56 225 45.045
56 249 45.37
56 0 22.165
56 10 22.12
56 20 22.14
56 29.7 22.215
56 50.3 22.205
56 75.3 22.225
56 100 22.235
56 125.4 30.03
56 150 38.165
56 174.7 41.555
56 198.3 43.89
56 248.1 45.27
61 0 21.92
297 4.2 11.6615
297 10.3 11.6675
297 25.5 11.7075
297 48.9 14.4465
297 73.9 25.75
297 98.9 28.0225
297 123.9 30.7025
297 150 34.914
297 174 40.101
297 198.1 42.621
297 247.7 44.917
298 0 10.8275
298 5.5 10.8305
298 10 10.862
298 19.5 10.859
298 29.9 11.07
298 34.8 11.165
298 44.6 13.753
298 54.3 23.689
298 69.9 26.0865
298 79.8 26.281
298 89.9 27.6535
298 100.3 28.68
298 125.4 32.3065
298 150 38.8805
298 175.3 42.648
298 199.5 42.9715
298 224.5 45.1695
298 249.9 45.4315
299 5.1 10.364
299 19.4 10.476
299 30.4 10.5205
299 44.5 14.966
299 50.3 23.3435
299 101 29.0965
299 150 37.327
299 200 43.7635
301 0 10.737
301 6.4 10.6775
301 10.1 10.689
301 14.7 10.669
301 19.6 10.6255
301 29.6 10.7355
301 39.9 10.8745
301 44 14.687
301 48.9 20.9565
301 59.2 24.972
301 79.9 27.5245
301 99.5 29.519
301 124.6 33.746
301 150 40.2635
301 175.8 43.1925
301 199.7 44.103
301 225.5 44.995
24 0 21.42
24 5.5 21.405
24 15.3 21.31
24 24.7 21.37
24 35.3 21.24
24 45 21.29
24 49.6 21.275
24 69.5 21.4
24 79.7 21.36
24 90.2 21.405
24 100 21.375
24 125.9 32.245
24 150 37.65
24 174.5 42.525
24 199.7 44.645
24 224.6 45.18
25 0 21.915
25 5.2 21.845
25 10.3 21.68
25 20.5 21.64
25 35.6 21.645
25 45.2 21.79
25 50.1 21.875
25 60.8 21.76
25 75.5 21.625
25 80.4 21.755
25 90 21.765
25 100.8 21.71
25 125.3 34.465
25 150 41.065
25 175.8 44.38
25 201.4 45.12
25 226 45.34
25 0 21.33
25 10 21.33
25 19.2 21.295
25 31.7 21.255
25 51.6 21.41
25 75.2 21.36
25 98.2 21.45
25 125 35.115
25 150 40.49
25 175 44.03
25 198.2 44.975
25 249 45.1
45 0 22.605
45 5.1 22.405
45 10.8 22.48
45 21 22.925
45 30.2 22.53
45 40.3 22.42
45 49.9 22.445
45 58.8 22.435
45 71.1 22.43
45 80.6 22.465
45 91.6 22.485
45 100.2 22.395
45 124.1 22.7
45 150 37.17
45 175.8 39.29
45 200.1 43.13
45 224.9 43.935
45 250 44.61
45 0 22.6
45 5.8 22.605
45 49.7 22.47
45 101.3 22.56
45 124.9 33.605
45 150 39.905
45 173.3 42.32
45 200.3 43.885
45 246.7 45.52
46 0 22.69
46 4.6 22.63
46 10.1 22.67
46 25.4 22.645
46 30.4 22.615
46 39.3 22.595
46 54.6 22.61
46 60.8 22.635
46 69.4 22.66
46 79.5 22.67
46 89.8 22.58
46 99.9 22.585
46 125.2 23.19
46 150 41.125
46 174.4 43.56
46 199.3 44.375
46 224.8 45.19
297 0 9.08
297 8.5 9.08
297 18.8 9.08
297 29.9 9.39
297 50.9 24.36
297 74.3 25.42
297 99.7 27.21
297 150 39.01
297 199.8 42.91
297 248.4 43.21
300 0 9.96
300 5.2 9.95
300 10.3 9.95
300 16.5 9.96
300 24.8 9.97
300 30.1 9.97
300 39.7 10.66
300 51.5 25.04
254 0 8.51
254 9.7 8.18
254 20.3 8.42
254 29.2 12.03
254 49 22.49
254 73.9 25.08
254 99.7 25.93
254 150 39.21
254 199.1 43.74
254 247.4 44.55
154 0 22.75
154 4.9 22.61
154 9.6 22.7
154 19.5 22.59
154 29.9 22.88
154 39.6 23.34
154 49.7 23.49
154 59.4 23.9
154 69.7 24.49
154 79.6 24.78
154 90 26.02
154 99.9 28.03
154 125.5 33.13
154 150 36.4
154 201 38.51
154 9.7 22.44
154 19.8 22.43
154 30.2 22.43
154 49.4 23.13
154 74.8 24.6
154 99 26.72
154 150 35.71
154 198.1 39.5
154 247.7 41.1
163 0 21.06
163 4.2 20.95
163 9.6 20.93
163 14.3 20.91
163 19.9 21.13
163 29.4 22.49
163 39.9 23.45
163 49.7 23.93
163 59.3 24.21
163 69.6 24.49
163 79.1 24.59
163 89.5 25.18
163 99.9 26.19
163 124.5 31.31
163 150 36.31
163 200.3 38.61
173 0 20.48
173 9.6 19.12
173 19.5 19.2
173 29.7 19.9
173 39.2 23.16
173 49.4 24.11
173 59.6 24.83
173 69.1 24.98
173 79.2 25.38
173 89.1 25.91
173 99.6 26.89
173 123.8 32.07
173 150 36.56
173 197.9 39.44
173 247.7 41.11
176 0 20.47
176 11 20.34
176 19.4 20.48
176 29.7 20.32
176 39.7 21.5
176 49.8 23.81
176 59.3 24.26
176 69.7 24.71
176 80.5 25.06
176 89.5 25.31
176 98.7 25.05
176 124 29.83
176 150 35.62
176 199.5 38.61
180 0 20.05
180 5.2 20
180 9.9 20.03
180 14.9 20.27
180 19.9 20.39
180 25.1 20.47
180 30 21
180 35.1 22.18
180 40.3 23.15
180 44.8 23.82
180 50.2 24.57
180 60.4 25.04
180 70.5 24.48
180 79.9 23.72
180 89.6 24.4
180 100 25.94
180 124.9 31.34
180 150 35.62
180 200.7 38.42
182 0 19.93
182 9.9 19.82
182 19.7 19.85
182 29.8 20.43
182 39.8 21.24
182 49.8 22.38
182 59.6 23.91
182 69.2 25.19
182 79.9 25.36
182 90.1 25.95
182 99.7 27.03
182 124.8 31.82
182 150 35.32
182 201.2 39.02
189 0 18.54
189 4.7 18.48
189 10 18.53
189 14.8 19.03
189 20.1 19.91
189 30.2 21.31
189 40.4 23.27
189 50.5 24.29
189 60 24.87
189 70.3 25.2
189 80.3 25.5
189 89.8 25.76
189 101 26.3
189 125.4 28.22
189 150 32.23
189 201.2 37.71
191 0 17.61
191 9.9 17.6
191 19.8 18.65
191 30 20.35
191 40.1 23.34
191 50.2 24.45
191 59.7 24.69
191 70 24.85
191 79.8 25.2
191 90.1 25.6
191 100.1 26.84
191 124.7 31.43
191 150 35.03
191 200.5 38.31
195 0 18.39
195 9.6 18.46
195 19.8 18.71
195 29.7 20.09
195 39.4 23.23
195 49.7 24.53
195 59.2 24.89
195 69.4 25.63
195 79.9 25.71
195 89.6 26.01
195 99.3 26.02
195 124 30.83
195 150 35.01
195 198.4 39.51
197 0 18.22
197 4.8 18.24
197 10.1 18.21
197 19.8 17.95
197 29.9 19.71
197 39.5 21.72
197 44.9 22.49
197 49.2 23.27
197 55.1 24.02
197 59.8 24.68
197 70.6 25.19
197 80.1 25.41
197 89.5 25.71
197 100 26.67
197 124.6 30.55
197 150 35.74
197 199.9 38.95
98 0 23.36
98 8.4 23.29
98 30.8 23.6
98 50.1 23.69
98 75.2 23.92
98 100.3 23.82
98 124.9 23.93
98 150 29.23
98 174.8 39.4
98 200.1 41.7
229 9.3 10.34
229 19.4 10.54
229 29.8 17.62
229 50.1 22.45
229 73.8 23.31
229 101.4 23.61
229 150 28.91
229 198.3 38.41
229 249.2 41.41
294 0 12.93
294 9.8 12.71
294 29.6 12.82
294 49.6 22.07
294 74.3 25.71
294 99.5 27.31
294 124.3 33.2
294 150 39.51
294 199.2 43.81
294 249 44.61
63 0 23.23
63 30.3 23.23
63 50.9 23.23
63 75.5 23.23
63 99.9 23.72
63 125.2 38.4
63 150 41.7
63 199.6 44
63 249 44.6
267 0 12.76
267 5.8 12.86
267 10.2 12.75
267 15.7 12.74
267 25.6 12.68
267 30.7 12.7
267 40.4 13.51
267 49.9 18.12
267 0 13.43
267 10.6 13.41
267 28.5 13.42
267 50.1 19.58
267 75.2 27.76
267 101.4 28.41
267 124.5 29.51
267 150 34.21
267 201.5 41.31
267 249.9 42.51
287 10.5 12.94
287 50.2 24
287 99.1 31.43
287 150 42.4
287 197.4 44.72
287 247.6 45.11
15 1.25 23.9290518760681
15 5 25.4796071052551
15 10 24.9225134849548
15 15 24.296483039856
15 20 24.6660380363464
15 25 25.1705298423767
15 30 25.9190793037415
15 35 26.6861963272095
15 40 27.08673620224
15 45 27.0520296096802
15 50 26.8175950050354
15 55 26.7815589904785
15 60 26.5159635543823
15 65 26.379120349884
15 70 26.7045440673828
15 75 26.6558103561401
15 80 27.6543850898743
15 85 27.2870392799377
15 90 26.3094415664673
15 95 27.0801653862
15 105 28.2034034729004
15 125 28.6185536384583
15 150 34.0364837646484
15 175 35.2555046081543
15 200 35.8410205841064
15 225 36.2959718704224
15 250 38.2218332290649
45 1.25 23.9354887008667
45 5 25.3553996086121
45 10 24.8154759407043
45 15 24.2239227294922
45 20 24.6001176834106
45 25 25.1144132614136
45 30 25.8300905227661
45 35 26.5853977203369
45 40 26.9838662147522
45 45 26.9953098297119
45 50 26.7256164550781
45 55 26.7279171943665
45 60 26.5030508041382
45 65 26.3426713943481
45 70 26.5158891677856
45 75 26.4480218887329
45 80 27.3348779678345
45 85 27.2168478965759
45 90 26.372079372406
45 95 27.1422452926636
45 105 28.3192319869995
45 125 28.310112953186
45 150 33.066014289856
45 175 34.1686868667603
45 200 34.5173921585083
45 225 36.1465110778809
45 250 38.1089859008789
75 1.25 23.3659715652466
75 5 24.7903075218201
75 10 24.5091500282288
75 15 23.7090973854065
75 20 23.8798890113831
75 25 24.3172917366028
75 30 24.1510610580444
75 35 25.1435513496399
75 40 25.8425931930542
75 45 29.6769509315491
75 50 24.8816795349121
75 55 24.8786787986755
75 60 24.7452139854431
75 65 24.6848082542419
75 70 25.1980104446411
75 75 25.2589492797852
75 80 26.9659080505371
75 85 26.5658240318298
75 90 25.0113925933838
75 95 26.2738862037659
75 105 27.932382106781
75 125 26.8480997085571
75 150 35.0422239303589
75 175 35.4905090332031
75 200 34.0636777877808
75 225 36.0345659255981
75 250 38.3656911849976
105 1.25 24.0114207267761
105 5 24.296160697937
105 10 24.1865916252136
105 15 23.9514951705933
105 20 23.4388523101807
105 25 23.3180031776428
105 30 23.2251262664795
105 35 23.3075070381165
105 40 23.5058946609497
105 45 23.5496306419373
105 50 23.5638642311096
105 55 23.2886319160461
105 60 23.0624117851257
105 65 22.8596158027649
105 70 22.619589805603
105 75 22.6788368225098
105 80 22.736439704895
105 85 22.8242325782776
105 90 22.9141998291016
105 95 23.0886025428772
105 105 23.6275811195374
105 125 26.2651205062866
105 150 33.3395471572876
105 175 33.8127517700195
105 200 36.2067337036133
105 225 37.9899711608887
105 250 40.5663452148438
135 1.25 23.4535899162292
135 5 23.871319770813
135 10 23.4401941299438
135 15 23.3588728904724
135 20 23.4309096336365
135 25 23.3006343841553
135 30 23.2516303062439
135 35 23.687548160553
135 40 24.0259160995483
135 45 24.2323174476624
135 50 24.4794478416443
135 55 24.192319393158
135 60 24.3271484375
135 65 24.4713387489319
135 70 24.6062107086182
135 75 24.7680101394653
135 80 24.9491963386536
135 85 25.1253671646118
135 90 25.3376512527466
135 95 25.6232213973999
135 105 26.2037668228149
135 125 30.4828782081604
135 150 38.3146772384644
135 175 36.2594013214111
135 200 37.7089910507202
135 225 35.3920555114746
135 250 42.8970642089844
165 1.25 16.187492609024
165 5 18.0153965950012
165 10 12.8355669975281
165 15 13.8265392780304
165 20 14.841527223587
165 25 15.752513885498
165 30 16.6088123321533
165 35 17.518168926239
165 40 18.3749871253967
165 45 19.2673358917236
165 50 20.0847387313843
165 55 20.8385667800903
165 60 21.4946870803833
165 65 22.1766786575317
165 70 22.8075304031372
165 75 23.4416694641113
165 80 23.8816556930542
165 85 24.2898592948914
165 90 24.6517009735107
165 95 25.0997619628906
165 105 25.567834854126
165 125 28.0587067604065
165 150 31.6759476661682
165 175 34.1312456130981
165 200 36.6196937561035
165 225 36.5282135009766
165 250 39.7514429092407
195 1.25 17.1847376823425
195 5 17.3711071014404
195 10 17.4112725257874
195 15 17.4597692489624
195 20 17.6716704368591
195 25 18.1088428497314
195 30 18.5955481529236
195 35 19.3101391792297
195 40 19.9868235588074
195 45 20.805070400238
195 50 21.1861572265625
195 55 21.4926247596741
195 60 21.9240055084229
195 65 22.57452917099
195 70 23.1204228401184
195 75 23.6328821182251
195 80 24.1268606185913
195 85 24.6668348312378
195 90 25.1535549163818
195 95 25.6324791908264
195 105 26.1599469184875
195 125 31.167516708374
195 150 34.5511360168457
195 175 40.3127470016479
195 200 40.7201948165894
195 225 42.7299165725708
195 250 42.9874172210693
225 1.25 10.7881608009338
225 5 11.4768006801605
225 10 11.8425879478455
225 15 12.2054378986359
225 20 12.6698508262634
225 25 13.7386248111725
225 30 15.5668849945068
225 35 17.2887468338013
225 40 18.5194144248962
225 45 19.64386510849
225 50 20.6814546585083
225 55 21.5727477073669
225 60 22.3212704658508
225 65 23.0682091712952
225 70 23.58624792099
225 75 24.1005349159241
225 80 24.5212826728821
225 85 24.8283271789551
225 90 25.2285451889038
225 95 25.539785861969
225 105 26.153510093689
225 125 31.5765824317932
225 150 36.1856679916382
225 175 39.9091892242432
225 200 40.6630744934082
225 225 42.2638912200928
225 250 43.21764087677
255 1.25 7.77176010608673
255 5 9.53534865379333
255 10 10.7470381259918
255 15 11.1908428668976
255 20 11.5992965698242
255 25 10.9145548343658
255 30 9.93820548057556
255 35 11.0730435848236
255 40 13.7364330291748
255 45 15.5356912612915
255 50 17.1000027656555
255 55 16.8135786056519
255 60 17.4501094818115
255 65 23.9370093345642
255 70 23.275098323822
255 75 23.6410012245178
255 80 24.8080787658691
255 85 24.91224193573
255 90 25.4166126251221
255 95 24.8886885643005
255 105 25.5665588378906
255 125 26.6042709350586
255 150 28.6369767189026
255 175 32.2077703475952
255 200 30.3527264595032
255 225 37.5438966751099
255 250 34.9509000778198
285 1.25 15.631514787674
285 5 13.642529964447
285 10 11.9345397949219
285 15 12.8744826316833
285 20 13.9373321533203
285 25 14.7864742279053
285 30 15.5563061237335
285 35 16.1545770168304
285 40 16.8972611427307
285 45 17.6857013702393
285 50 18.5438408851624
285 55 19.4746227264404
285 60 20.3033986091614
285 65 20.9492001533508
285 70 21.4832801818848
285 75 22.0507702827454
285 80 22.668713092804
285 85 23.29310131073
285 90 23.8989458084106
285 95 24.5715870857239
285 105 24.0389080047607
285 125 28.2381262779236
285 150 34.9263534545898
285 175 39.1923246383667
285 200 41.5356950759888
285 225 42.2872543334961
285 250 42.8947992324829
315 1.25 17.8245234489441
315 5 15.475367307663
315 10 15.0303530693054
315 15 16.1017823219299
315 20 16.4160323143005
315 25 16.9201793670654
315 30 18.2849135398865
315 35 19.1485023498535
315 40 19.7086367607117
315 45 19.8362731933594
315 50 19.2648801803589
315 55 19.1013283729553
315 60 19.0826797485352
315 65 19.287672996521
315 70 19.7711358070374
315 75 20.2749419212341
315 80 20.6848640441895
315 85 22.0881237983704
315 90 23.252459526062
315 95 24.5254211425781
315 105 25.64200258255
315 125 35.055793762207
315 150 37.8465213775635
315 175 39.5446434020996
315 200 41.708592414856
315 225 43.3334808349609
315 250 41.3921146392822
345 1.25 18.0604252815247
345 5 17.4169406890869
345 10 16.3311991691589
345 15 17.2041182518005
345 20 18.1444616317749
345 25 18.8087296485901
345 30 19.1215553283691
345 35 19.7122645378113
345 40 19.8558120727539
345 45 20.361752986908
345 50 20.2487072944641
345 55 17.0924339294434
345 60 16.7855439186096
345 65 15.9611871242523
345 70 21.3834757804871
345 75 21.1764121055603
345 80 22.5173373222351
345 85 22.3316206932068
345 90 23.5461263656616
345 95 24.9203567504883
345 105 27.078040599823
345 125 30.1825304031372
345 150 28.957911491394
345 175 36.8272972106934
345 200 37.0477828979492
345 225 40.3170433044434
345 250 42.299464225769
