"DOY" "Depth" "TIN"
305 4.7 0.02
305 39.4 0.04
305 99.4 0.21
305 150.3 2.07
305 191.8 2.26
305 217 3.79
305 25.5 0.04
305 42.9 0.02
305 114.4 0.4
306 16.6 0.02
306 56.4 0.02
306 117.3 0.36
306 137.8 1.3
306 157.7 2.37
306 181.8 3.07
306 204.2 4.21
306 228.8 4.92
337 15.6 0.07
337 99.5 0.18
337 136.4 0.12
337 173.3 2.23
337 238 3.43
337 1.5 0.05
337 21.2 0.05
337 46.2 0.07
337 71.1 0.05
337 97.9 0.21
337 122.9 0.72
337 148.6 1.61
337 177.6 2.03
337 1.6 0.05
337 16.2 0.05
337 37.8 0.07
337 57.9 0.07
337 79.2 0.07
337 98.9 0.55
337 119.7 0.76
337 139.8 1.59
337 161.5 1.77
337 181.1 2.05
8 35.9 0.02
8 204.9 3.41
8 19.7 0.02
8 118.8 0.38
8 186 2.75
8 4.9 0.02
8 22.8 0.04
8 43.3 0.02
8 72.7 0.04
8 97.7 0.04
8 122.2 0.11
8 146.8 0.61
8 176.8 1.49
9 2.8 0.02
8 38.2 0.02
8 56.7 0.04
8 79.4 0.04
8 96.6 0.1
8 117.5 0.49
8 139.2 1.02
8 151.6 1.81
8 163.4 2.09
8 186.7 3.2
8 230.8 4.6
9 201.3 2.82
58 8.7 0.07
58 18.8 0.05
58 38.5 0.07
58 58.4 0.05
58 78.4 0.05
58 98.4 0.07
58 108.2 0.05
58 118.3 0.07
58 131.3 0.29
58 141.4 0.98
58 151.3 1.53
58 163 2.16
59 179.4 3.23
59 226.3 4.91
59 201 3.97
59 5.8 0.02
59 22.1 0.02
59 41.8 0.02
59 71.8 0.05
59 99.6 0.07
59 123.2 0.21
59 151.1 2.31
59 177.4 3.11
59 47 0.05
59 131 0.24
59 162.1 1.91
59 203.7 3.95
86 26.7 0.14
86 111.1 0.05
86 144.1 0.92
86 212 3.08
88 40.8 0.02
88 71.7 0.02
88 81.6 0.02
88 92.5 0.05
88 101.9 0.05
88 111.7 0.05
88 121.6 0.47
88 127.4 0.69
88 133.7 0.98
88 143.6 1.25
88 152.5 1.39
88 200.2 3.22
138 136.1 1.92
138 201 4.91
138 4.5 0.01
138 99 0.41
138 108.7 0.96
138 119.1 1.86
138 129 2.68
138 139.8 2.85
138 159.7 3.23
138 179.6 4.45
138 199.7 4.81
175 15.3 0.05
175 79.6 0.02
175 99.5 0.02
175 139.5 0.36
175 199.2 5.05
175 242.8 10.18
175 49.1 0.02
175 127.6 0.05
175 225.5 5.73
175 105.2 0.04
209 54.3 0.02
209 98.5 0.02
209 148.5 1.34
209 206.8 4.3
210 204.9 4.92
210 228 5.91
210 5.6 0.02
210 27.4 0.02
210 46.8 0.02
210 61.7 0.02
210 77.3 0.02
210 87.8 0.02
210 98.5 0.04
210 109.3 0.04
210 119.2 0.06
210 130.5 0.12
210 156 1.99
210 181.1 3.66
235 59.9 0.02
235 91.6 0.04
235 139.3 0.63
235 191.7 3.62
235 227.3 4.43
236 203.8 3.91
236 230.9 5.05
236 4.8 0.01
236 25.8 0.02
236 45.8 0.02
236 61.6 0.02
236 76.1 0.02
236 97.4 0.01
236 109 0.02
236 118 0.04
236 130.5 0.13
236 157 0.91
236 181.8 2.75
265 7.2 0.05
265 86.7 0.07
265 96.6 0.05
265 108.3 0.07
265 123.4 0.14
265 132.9 0.69
265 143.8 3.19
265 182.8 4.78
265 217.7 6.45
266 6.3 0.07
266 26.5 0.05
266 47.4 0.03
266 63.2 0.03
266 79 0.03
266 98.6 0.04
266 111.2 0.07
266 119.9 0.38
266 131.7 0.93
266 157.5 5.29
266 182.1 5.53
266 206.7 5.95
266 231.7 5.86
291 118.1 0.01
291 133.3 0.18
291 198.5 2.63
291 246.1 4.43
292 4.8 0.01
292 25.5 0.04
292 45.4 0.01
292 61.7 0.01
292 76.4 0.01
292 86.7 0.01
292 96.5 0.04
292 106.4 0.16
292 116.8 0.27
292 129.7 0.42
292 153.9 0.84
292 181.7 1.6
292 207.3 2.57
332 30.6 0.04
332 56.4 0.01
332 80 0.04
332 99.3 0.06
332 121.6 0.41
332 147.2 1.35
332 226.9 4.7
332 5.8 0.01
332 25.3 0.04
332 45.6 0.01
332 61.6 0.01
332 76.5 0.01
332 86.6 0.01
332 96.3 0.06
332 106.7 0.24
332 119.6 0.53
332 130.6 0.67
332 155.4 1.58
332 181.5 2.66
332 201.3 3.2
333 231.2 4.34
4 25.6 0.02
4 77.2 0.02
4 131.6 0.31
4 182.6 0.99
4 182.6 0.98
4 216.9 1.91
5 45.8 0.02
5 75.5 0.02
5 85.6 0.02
5 95.1 0.11
5 105.9 0.12
5 117.3 0.23
5 126.9 0.5
5 136.8 1.29
5 160.6 0.93
5 215.3 2.5
5 239.1 3.94
47 77.6 0.21
47 102 0.27
47 133.5 1.51
47 172.9 2.79
47 233.3 5.7
47 45.9 0.02
47 60.8 0.02
47 75.6 0.02
47 85.3 0.08
47 96.4 0.45
47 105.9 0.32
47 115.6 0.4
47 125.4 0.96
47 135.7 1.21
47 151 1.62
47 177.6 2.74
78 24.6 0.02
78 142 0.96
78 153.2 1.65
78 174.1 3.85
78 174.1 3.85
78 226.7 7.38
78 126.9 0.02
78 137.2 0.2
78 151.7 1.01
78 177.8 2.91
78 203.7 5.36
78 213.8 5.37
78 239.4 7.42
78 45.3 0.02
78 99 0.04
78 110 0.05
102 1.2 0.02
102 11.8 0.02
102 56.8 0.02
102 153.7 0.1
102 169.2 0.07
102 204.8 1.78
103 137 0.07
103 152.2 0.26
103 162.4 0.45
103 178.8 0.93
103 190.6 1.14
103 207 1.11
103 214.8 0.64
103 231.2 2.35
103 25.7 0.02
103 36.9 0.05
103 45.9 0.02
103 61.8 0.02
128 33.1 0.01
128 72.3 0.04
128 149.5 1.8
128 219.2 5.89
129 6.2 0.01
129 26.9 0.01
129 36.8 0.01
129 87.4 0.01
129 106.8 0.01
129 118 0.01
129 129.9 0.2
129 137 0.69
129 154.4 1.24
129 182.3 2.7
129 209 3.66
129 228.5 5.42
163 13 0.05
163 115.8 0.38
163 154 1.41
163 194.7 1.46
163 217.4 3.08
164 45.6 0.03
164 127.1 0.43
164 137.2 0.53
164 154.2 0.75
164 181.8 1.93
164 207.5 3.03
164 230.2 4.48
206 27.5 0.03
206 117.7 0.4
206 155.9 1.7
206 223.5 3.64
206 231.6 4.84
206 108.1 0.03
206 117.5 0.13
206 137.5 1.51
206 153.4 2.15
206 164.7 1.21
206 181.6 2.22
206 207.8 3.14
351 10.1 0.02
351 84.8 0.02
351 97.6 0.09
351 103.7 0.39
351 150.5 1.96
351 174.2 2.92
351 223.7 5.52
352 118.8 0.49
352 129.9 0.75
352 139.3 1.35
352 166.3 2.35
352 191.8 3.28
352 241.2 6.01
352 27 0.02
352 96.2 0.01
352 106.2 0.05
352 116.6 0.29
352 128 1.7
34 119.4 0.54
34 138.4 0.89
34 209.2 3.4
34 243.4 5.22
34 118.2 0.03
34 128.5 0.06
34 139 1.04
34 154.8 1.41
34 182.3 2.22
34 209.8 4.37
34 229.1 6.7
65 117.6 0.06
65 126.5 0.25
65 139.2 0.65
65 153.9 1.49
65 203.7 3.98
66 171.7 2.78
67 72.9 0.06
67 101.7 0.23
67 124.6 0.69
67 139.5 1.35
67 147.6 2.81
67 156 2.15
67 179.9 2.18
99 92.1 0.03
99 108.3 0.13
99 163.7 1.21
99 187 2.22
99 245.7 4.07
100 230.6 4.79
100 88.9 0.1
100 98.6 0.14
100 108.2 0.6
100 119.6 0.79
100 130.3 1.21
100 157.1 2.04
100 181.3 2.34
100 209.7 3.12
128 148 0.14
128 207.6 3.55
128 230.6 4.81
128 215.4 3.97
128 241.5 5.62
128 18.3 0.03
128 26.4 0.03
128 165.4 0.44
128 188.5 2.02
155 104.4 0.03
155 152.4 1.13
155 157 1.44
155 226.7 3.81
156 232 4.7
156 16.2 0.03
156 120.2 0.03
156 130.2 0.13
156 139 0.27
156 169.5 1.52
156 194.1 1.98
156 210 3.2
190 110.1 0.03
190 143.4 0.35
190 186 1.3
190 244.2 4.62
191 215.8 2.59
191 230.5 3.47
191 43.2 0.03
191 115.1 0.1
191 127.4 0.15
191 135.8 0.43
191 150.6 0.45
191 180 1.05
191 205.8 2.84
221 71.8 0.02
221 142.2 0.52
221 160.4 0.68
221 181.9 1.23
221 214.6 2.47
222 229.3 2.97
222 75.7 0.02
222 117.7 0.02
222 129.6 0.07
222 139.3 0.19
222 153.1 0.55
222 181.1 1.11
222 208.5 2.12
260 201.8 1.71
260 144.6 0.33
260 202.3 2.03
261 230.6 2.93
261 121.8 0.02
261 131.5 0.25
261 141.7 0.37
261 158.7 0.75
261 176.2 1.14
261 199.9 1.89
294 112.3 0.08
294 129.1 0.23
294 159.8 0.57
294 218.9 4.78
294 224.7 4.78
294 249.1 7.66
294 103.9 0.05
294 114.6 0.2
294 124.7 0.34
294 135.1 0.47
294 150.5 0.13
294 199.6 2.53
294 226.4 4.97
294 250 7.91
339 50.3 0.01
339 200.7 3.49
339 53.8 0.01
339 67.8 0.01
339 97.4 0.02
339 108.9 0.13
339 130.3 0.39
339 145.4 0.9
339 207.9 3.91
340 224.4 5.06
340 249 7.33
340 99.2 0.02
340 105.3 0.13
340 115.8 0.44
340 126.5 0.45
340 137.6 0.74
340 153.7 1.66
340 178 2.91
340 201.7 4.36
340 45.7 0.01
340 75.4 0.01
340 88.6 0.01
45 115.1 0.44
45 131.9 0.68
45 200.2 1.1
45 239.1 1.5
46 229.6 1.95
46 138 0.62
46 153.1 0.77
46 177 0.96
46 204.8 1.13
46 85 0.01
46 92.5 0.01
160 19.4 0.03
160 113.9 0.04
161 48.1 0.01
161 80.2 0.01
161 87.2 0.01
161 119.2 0.07
161 126.4 0.39
161 174.9 2.61
161 203.3 6.23
161 226.7 7.77
161 4.6 0.02
161 24.7 0.01
161 34.6 0.01
161 44.8 0.01
161 59.6 0.01
161 103.9 0.01
161 113.4 0.28
161 124.5 0.53
161 135.9 0.68
161 148.3 1.7
161 175.1 3.57
161 202.8 6.36
186 11.5 0.01
186 87.4 0.01
186 163.8 1.53
186 231.1 1.83
187 228.4 3.13
187 78.1 0.01
187 87.2 0.01
187 108.5 0.01
187 118.1 0.01
187 129.3 0.02
187 139 0.38
187 153.9 0.61
187 178.1 1.23
187 200.2 1.93
219 103.2 0.06
219 107 0.16
219 152.9 2.27
219 225 5.95
219 118.5 0.14
219 128.8 0.32
219 138.1 0.9
219 153.5 1.77
219 178.8 2.67
219 204.5 3.84
219 231.4 5.82
219 9.9 0.01
219 31.1 0.01
219 31 0.02
219 40.3 0.01
20 8.9 0.01
20 53.9 0.01
20 101.7 0.01
20 105.5 0.01
20 146.7 0.6
20 229.1 2.82
20 135.1 0.26
20 149.7 0.97
20 160.5 1.21
20 198.1 1.84
20 209.9 3.42
20 226.2 4.45
20 233.5 4.71
20 249.3 5.08
20 24.7 0.01
20 130.4 0.04
47 15.7 0.01
47 25.8 0.01
47 95.4 0.75
47 100.4 0.86
47 110.5 1.44
47 144.5 2.17
47 225.4 4.94
48 224.3 6.43
48 234.5 6.8
48 249.5 7.9
48 45.4 0.01
48 58.7 0.07
48 74.3 0.18
48 84.6 0.27
48 94.6 0.43
48 104.7 0.86
48 114.5 1.35
48 124.5 1.9
48 137 2.17
48 151.5 2.72
48 175.4 3.92
48 203.8 4.82
103 11.2 0.01
103 191.9 1.49
104 158 1.37
104 175.1 1.63
104 181.4 1.82
104 197.8 2.16
104 218.9 3.56
104 15 0.01
104 26 0.02
104 34.9 0.01
104 44.4 0.01
104 60.2 0.01
104 75.5 0.01
104 85.4 0.01
104 104.9 0.01
104 115 0.07
104 125 0.14
104 134.9 0.41
104 150.4 0.46
104 176.2 0.74
104 196.2 1.5
104 208.9 2.15
104 223.4 2.85
104 148.1 0.2
104 179 0.67
104 224.9 2.52
104 234.8 3.26
104 248.6 4.05
140 78.9 0.01
140 177.9 0.82
140 98.8 0.01
140 162.2 0.56
140 185.2 0.86
140 210.2 1.76
140 236.5 2.99
140 226.5 3.46
140 235.6 3.91
141 6.5 0.01
141 14.8 0.01
141 24.5 0.01
141 34.9 0.01
141 45 0.01
141 85 0.01
141 95.3 0.01
141 106.3 0.01
141 116.4 0.02
141 124.5 0.02
141 134.8 0.09
141 150.1 0.6
141 176.4 0.93
141 203.8 2.21
141 246.8 4.1
257 210.5 2.82
257 226.5 4.75
257 235.6 5.72
257 25.6 0.01
257 36.7 0.01
257 46.6 0.01
257 61.4 0.01
257 76.2 0.01
257 86.5 0.01
257 96.4 0.01
257 105.9 0.01
257 116.2 0.02
257 125.6 0.03
257 136.3 0.26
257 154.2 1.38
257 177.7 2.65
257 200.9 3.28
301 117.3 0.14
301 171.2 4.59
301 226.7 7.2
302 221.2 6.07
302 238.3 8.22
302 7.1 0.01
302 17.2 0.01
302 27.1 0.01
302 37.3 0.01
302 48.4 0.01
302 58.5 0.01
302 78.9 0.01
302 93.4 0.03
302 105.2 0.03
302 117.8 0.04
302 125 0.11
302 138.4 0.89
302 148.9 1.99
302 176.8 3.03
302 197.4 3.95
19 106.5 0.07
20 87.3 0.05
20 93.8 0.11
20 98.4 0.16
20 128.1 0.8
20 160.7 1.19
20 199.3 2.26
20 223.8 4.1
20 226.1 3.42
20 234.2 3.97
20 36.7 0.01
20 62.9 0.01
20 85.8 0.01
20 96.1 0.01
20 106.4 0.03
20 114.6 0.05
20 125.7 0.31
20 136.4 0.55
20 153.1 0.88
20 168.8 1.04
20 204.6 1.71
22 5.4 0.02
22 100.6 0.21
48 148.5 0.39
48 176 2.06
48 194.7 2.81
48 226 3.89
48 174.9 1.58
48 199 2.65
48 226.2 3.2
48 236.1 3.72
48 15 0.01
48 44.9 0.01
48 61.4 0.01
48 77.8 0.02
48 85.6 0.02
48 95.4 0.02
48 106.1 0.03
48 114.4 0.03
48 125.5 0.05
48 135.2 0.04
48 150.4 0.06
67 159 0.38
67 115.7 0.12
67 124.8 0.25
67 143.7 0.43
67 197.3 1.34
68 234.9 2.42
68 4.6 0.01
68 14.9 0.01
68 60.1 0.01
68 75 0.01
68 125.8 0.04
68 135 0.2
68 149.2 0.38
68 159.5 0.57
68 200.4 0.69
169 179.4 0.04
169 193.4 1.41
169 245.6 4.69
170 210.4 2.57
170 226.3 3.68
170 235.5 4.3
170 5.1 0.01
170 59.7 0.01
170 75.4 0.01
170 105.1 0.01
170 125.3 0.11
170 136.6 0.21
170 150.6 0.36
170 157.4 0.41
170 175.1 0.62
170 185.2 1.31
170 201.4 1.75
205 4.4 0.01
205 155.8 1.12
206 5.4 0.01
206 24 0.01
206 119.5 0.02
206 164 1.08
206 172.9 1.45
206 199.6 2.99
206 242.2 4.6
206 200.4 1.76
206 210.8 2.24
206 223.9 2.76
206 236.7 3.35
206 247.9 3.69
206 34.2 0.01
206 115.3 0.01
206 124.2 0.07
206 134.4 0.32
206 149.6 0.95
206 175 1.89
206 201.3 3.06
241 120.2 0.89
241 5 0.01
241 64 0.01
241 76.2 0.01
241 115.3 0.04
241 133.5 0.92
241 165.5 1.66
241 208.9 1.68
241 230.8 5.26
242 210.3 3.57
242 223.7 5.59
242 234.9 6.2
242 249.2 6.87
242 44.6 0.01
242 59.6 0.01
242 75.9 0.02
242 85 0.03
242 94.4 0.02
242 105.5 0.1
242 115 0.76
242 125.1 1.24
242 135.4 1.85
242 150.4 1.91
242 175.6 2.73
242 200.7 1.45
266 10.1 0.01
266 39.1 0.01
266 118.1 0.21
266 134.1 0.44
266 148.7 0.76
266 181.5 1.51
266 200 1.97
266 224.6 2.54
266 234.4 2.98
266 249.2 4.16
266 5.4 0.01
266 25 0.01
266 35 0.01
266 44.6 0.01
266 59.9 0.02
266 75.2 0.03
266 84.9 0.02
266 95.1 0.02
266 105.2 0.03
266 115.6 0.04
266 124.1 0.22
266 135.5 0.39
266 149.6 0.42
266 174.4 0.87
266 200 1.49
287 4.8 0.01
287 60.2 0.01
287 70.9 0.02
287 120.1 0.22
287 150.7 0.81
287 177.2 1.21
287 199.8 2.01
287 225.3 3.11
288 225.2 3.14
288 235.3 3.7
288 34.3 0.01
288 44.6 0.01
288 59.5 0.01
288 74.5 0.01
288 84.2 0.02
288 94.7 0.01
288 104.7 0.01
288 115.3 0.03
288 124.7 0.25
288 134.8 0.52
288 149.5 0.75
288 174.4 1.15
288 200.8 2.14
324 224.2 3.84
324 234.4 4.4
324 102.3 0.02
324 115.7 0.14
324 125.2 0.22
324 135.4 0.29
324 150.6 0.96
324 173 1.66
325 4.7 0.01
325 49.5 0.01
325 103.8 0.01
325 109.5 0.04
325 117.7 0.08
325 136.4 0.57
325 160.4 0.58
325 234.9 5.69
36 249.6 8.83
36 49.8 0.01
36 74.2 0.01
36 118.8 0.02
36 129.6 0.05
36 159 1.19
36 193.9 2.7
36 210.2 2.64
37 209.6 3.96
37 225 4.54
37 234.3 4.91
37 249.5 7.36
37 14.9 0.01
37 23.2 0.01
37 34.1 0.01
37 59.8 0.01
37 74.9 0.02
37 84.8 0.01
37 113.5 0.05
37 123.8 0.27
37 133.6 0.26
37 149.8 0.31
37 160.2 0.83
37 175.1 3.04
37 184.4 3.12
37 199.5 3.25
39 124.5 0.1
39 150 0.72
39 175.5 2.76
39 199.4 2.76
39 225.2 3.61
62 101.3 0.92
63 53.2 0.01
63 75.9 0.01
63 90.4 0.02
63 140.1 0.96
63 197 4.47
63 215.4 4.97
63 209.8 5.06
63 225.6 6.08
63 234 6.56
63 25.5 0.01
63 57.9 0.01
63 78 0.02
63 85.2 0.07
63 96 0.38
63 106.3 1.3
63 111.9 0.92
63 123.6 1.63
63 134.2 1.15
63 149.2 1.18
63 174.9 2.4
63 200 3.47
97 99 0.01
97 115.1 0.01
97 124.3 0.01
97 149.5 0.2
97 174.4 0.78
97 199.5 1.55
97 250 3.12
97 200.2 1.04
97 249.6 3.56
97 179.5 0.59
97 199.9 0.93
97 224.2 1.71
97 194.6 1.05
126 99.5 0.24
127 122.1 0.61
126 166.7 0.57
126 200.4 0.97
126 222.3 1.39
127 209.6 2.23
127 223.8 2.99
127 234.2 3.48
127 249.2 4.5
127 5 0.01
127 24.7 0.01
127 34.3 0.02
127 59.5 0.01
127 75.6 0.02
127 84.3 0.03
127 95.2 0.03
127 104.8 0.04
127 115 0.08
127 124.3 0.29
127 135.3 0.43
127 149.8 0.53
127 159.4 0.81
127 174.7 1.23
127 184.9 1.61
127 200.4 2.08
127 210.5 2.36
211 224.8 2.92
211 234 4.11
211 249.7 5.79
211 14.7 0.01
211 74.9 0.01
211 85 0.01
211 104.7 0.01
211 114.6 0.01
211 124.5 0.01
211 133.8 0.1
211 149.5 0.76
211 174.3 1.32
211 201 2.01
212 4.2 0.01
212 48.4 0.01
212 63 0.02
212 90 0.01
212 110.7 0.01
212 161.3 1.06
212 180 1.25
213 4.5 0.01
213 129.5 0.82
239 4.9 0.01
239 106.4 0.09
240 43.1 0.01
240 98.7 0.02
240 136.5 1.52
240 218.8 5.07
240 210.1 3.57
240 224.9 4.53
240 235.6 4.92
240 4.7 0.01
240 44.3 0.01
240 60.3 0.01
240 74.4 0.02
240 84.3 0.01
240 94.7 0.01
240 100.2 0.01
240 105.2 0.02
240 114.8 0.27
240 124.8 0.67
240 135.4 1.03
240 149.6 1.85
240 160 1.86
240 173.3 2.1
240 184.8 2.69
240 201 3.18
269 4.9 0.01
269 119.9 0.76
270 4.4 0.02
270 27.4 0.02
270 42.5 0.03
270 49 0.02
270 70.2 0.02
270 87.6 0.02
270 110.5 1.37
270 196.6 3.93
270 249 7.34
270 4.8 0.01
270 14.7 0.01
270 24.5 0.01
270 44.3 0.01
270 73.9 0.02
270 124.8 0.1
270 173.6 1.48
270 199.9 1.82
270 210.3 2.37
270 224.4 3.7
270 233.4 4.83
270 248.7 6.06
270 5 0.01
270 14.1 0.01
270 24.8 0.01
270 60.4 0.04
270 74.5 0.03
270 104.1 0.01
270 124 0.29
270 134.1 0.55
270 149.1 1.49
270 160.5 1.39
270 174.4 1.61
270 185.1 1.69
270 200.5 1.86
299 104.9 0.01
299 113.8 0.01
299 139.6 0.76
299 165.8 1.14
299 227.5 5.34
300 199.4 3.9
300 224.9 5.73
300 13.6 0.01
300 44.3 0.03
300 59.4 0.02
300 75 0.02
300 84.9 0.02
300 104.1 0.02
300 114.9 0.01
300 124.8 0.01
300 134.7 0.4
300 149.1 0.02
300 158.3 0.83
300 174.3 0.97
300 185 1.68
300 199.6 4.16
320 133 1.47
320 77.6 0.01
320 95 0.27
320 125.1 0.79
320 200.7 2.71
320 230.5 4.62
321 225.3 5.68
321 234.9 5.87
321 249.7 6.46
321 14.1 0.01
321 24 0.01
321 34.5 0.01
321 44.3 0.02
321 60.9 0.02
321 74.5 0.02
321 85.5 0.01
321 94.1 0.02
321 104.3 0.48
321 114.3 1.01
321 125 1.22
321 134.5 1.41
321 149.9 1.69
321 175.1 2.41
321 200.8 3.75
16 149.6 1.21
16 91.3 0.02
16 114.8 0.76
16 155.3 1.47
16 174.3 1.91
17 209.6 2.74
17 224.5 3.52
17 234.5 4.14
17 4.6 0.01
17 14.5 0.01
17 24.9 0.03
17 34.8 0.02
17 44.8 0.01
17 59.6 0.01
17 104.4 0.07
17 114.4 0.36
17 124.8 0.72
17 134.9 0.91
17 149.5 1.13
17 160 1.48
17 174.4 1.79
17 184.4 2.11
17 200.3 2.6
86 8.9 0.01
86 68.7 0.01
86 95 0.04
86 154.5 2.27
86 200 3.97
86 233.4 6.76
87 208.1 5.86
87 225 7.2
87 234.3 7.63
87 249.3 9.07
87 13.1 0.02
87 24.4 0.03
87 34 0.01
87 72.8 0.01
87 84.4 0.01
87 95.2 0.01
87 104.6 0.01
87 114.7 0.18
87 123.7 0.41
87 134 0.82
87 148.7 1.68
87 173 2.47
87 199.6 3.7
114 162.7 1.79
114 4.5 0.01
114 130.4 0.03
114 155.8 0.82
114 171.4 1.59
115 225 3.34
115 234.2 3.44
115 249.4 5.62
115 4.6 0.02
115 23.6 0.01
115 34.3 0.01
115 44.1 0.01
115 59 0.01
115 74.1 0.02
115 94.2 0.01
115 104.1 0.02
115 114.8 0.08
115 123.9 0.08
115 134.5 0.07
115 150.5 0.25
115 174.5 1.1
115 200.8 1.69
143 125.4 0.55
143 210.1 2.08
143 225.3 2.93
143 236.2 3
143 249.6 3.56
143 44.5 0.01
143 61.1 0.04
143 75.1 0.04
143 85 0.01
143 94.3 0.03
143 105.1 0.02
143 116.3 0.02
143 125 0.04
143 134.8 0.65
143 149 0.96
143 175.1 1.06
143 202.1 0.99
144 21 0.01
144 43.7 0.01
144 94.5 0.08
144 101.3 0.19
144 119.9 0.22
144 158.9 0.97
144 231.9 4.26
177 184 0.75
177 60.3 0.01
177 80.4 0.02
177 90.1 0.01
177 131.1 0.01
177 159.9 0.46
177 203.8 1.49
178 210 1.52
178 225 2.21
178 234.8 2.69
178 4 0.02
178 14.7 0.02
178 74.4 0.01
178 84.5 0.01
178 104.7 0.03
178 114.5 0.03
178 124.1 0.08
178 134 0.18
178 150 0.37
178 159 0.5
178 174.6 0.63
178 184.6 0.64
178 200.9 1.24
208 55 0.01
208 134.4 0.29
208 173.9 1.23
208 185.7 1.52
208 208 2.57
209 9.5 0.02
209 140.3 0.63
209 209.6 2.38
209 224.9 2.58
209 234.7 2.7
209 249.9 4.02
209 4.5 0.01
209 14.4 0.01
209 44.6 0.02
209 58.9 0.02
209 74.8 0.02
209 84.5 0.03
209 95.1 0.02
209 113.7 0.03
209 124.2 0.21
209 134.2 0.35
209 150.2 0.49
209 174.3 1.54
209 199.9 1.88
233 149.6 0.96
233 51.1 0.01
233 128.4 0.45
233 147.8 0.8
233 190.2 1.74
234 224.4 2.89
234 234.4 3.63
234 249 5.24
234 74.5 0.01
234 114.2 0.01
234 125.3 0.43
234 135.7 0.6
234 150.4 0.88
234 176 1.42
234 199.8 1.9
275 24.9 0.01
275 54.4 0.01
275 70 0.01
275 85.5 0.01
275 109.8 0.01
275 115.2 0.02
275 169.4 1.83
276 210.2 3.18
276 223.6 4.66
276 233.3 5.64
276 249 6.63
276 34.9 0.01
276 43.6 0.01
276 59.6 0.01
276 73.8 0.01
276 103.7 0.01
276 115.3 0.2
276 124.3 0.37
276 134.8 0.07
276 148.7 0.58
276 159.4 1.3
276 175.1 1.61
276 183.8 2.12
276 199.9 2.13
304 130.3 1.75
304 200.1 4.83
304 80.2 0.01
304 188.6 2.26
304 209.8 2.91
304 224.3 4.18
304 234 4.61
304 249.6 5.81
304 4.3 0.01
304 43.7 0.01
304 104.4 0.04
304 114.2 0.27
304 123.8 0.68
304 135.2 1.15
304 149.7 1.64
304 175.2 2.14
304 201.3 2.75
345 110.2 0.03
345 99.9 0.07
345 114 0.26
345 128.4 0.96
345 227.8 5.09
346 224.6 4.28
346 234.4 4.67
346 249 5.42
346 14.6 0.01
346 24.2 0.02
346 35 0.04
346 44.5 0.03
346 59.5 0.04
346 74.2 0.02
346 83.9 0.04
346 95.7 0.01
346 105.1 0.02
346 114.6 0.27
346 125 0.33
346 135.4 0.59
346 149.4 1.18
346 174.7 2.5
346 199.9 3.68
7 143.7 1.12
7 57.4 0.01
7 100.8 0.92
7 152.6 2.18
7 224.6 4.8
8 120.1 0.93
8 235.3 4.72
8 250 6.1
8 14.2 0.01
8 75 0.01
8 84.8 0.15
8 94.4 0.18
8 104.5 0.38
8 114.1 0.68
8 124.9 0.9
8 134.9 1.11
8 149.9 1.37
8 175 2.1
8 199.8 2.93
48 214.4 1.08
48 4 0.01
48 110.8 0.04
48 175.4 0.45
48 203.7 1.77
48 224.1 2.4
49 4.4 0.01
49 200.2 0.99
49 225.8 1.88
49 234.6 2.1
49 15.2 0.01
49 24.5 0.01
49 44.4 0.01
49 60.1 0.03
49 74.5 0.03
49 84.4 0.03
49 94.2 0.03
49 104.7 0.05
49 114.4 0.06
49 124.5 0.09
49 135.8 0.12
49 150 0.18
49 174.1 0.45
49 200.6 1.36
70 73 0.01
70 74.8 0.01
70 86.8 0.02
70 119.7 0.28
70 156.5 1.87
70 227.1 4.31
71 210 4.13
71 225.1 5.7
71 234.4 6.05
71 249.2 7.06
71 35.5 0.02
71 44.6 0.02
71 59.9 0.01
71 75.2 0.02
71 85.5 0.02
71 95 0.02
71 105 0.05
71 115.4 0.09
71 124.2 0.2
71 134.9 0.57
71 150.2 1.19
71 174.6 2.65
71 201.2 3.35
98 49.9 0.01
98 77.7 0.18
98 129.1 2.35
98 149.5 3.44
98 190 5.84
98 226 8.3
99 224.1 7.35
99 234.8 7.78
99 249.6 8.53
99 5.1 0.01
99 25.4 0.01
99 44.3 0.02
99 60.1 0.01
99 75 0.38
99 85.1 0.7
99 95 1.55
99 105.1 1.71
99 115.1 2.52
99 125 2.86
99 134.8 3.23
99 149.9 3.98
99 175.1 5.16
99 200.1 6.37
126 150.4 0.64
126 4.4 0.01
126 56 0.01
126 104.9 0.03
126 137 0.26
126 146.7 0.32
126 200.8 2.22
127 225.4 2.59
127 234.3 2.8
127 249 3.64
127 4.2 0.01
127 14.7 0.01
127 25 0.02
127 34.6 0.02
127 59.9 0.02
127 74.6 0.01
127 85 0.01
127 95.1 0.02
127 104.5 0.02
127 115.3 0.02
127 124.6 0.02
127 134.4 0.08
127 149.1 0.47
127 174.1 0.94
127 199.8 1.86
154 5.3 0.02
154 144.9 1.01
154 130.8 0.75
154 143.8 1.3
154 193.1 2.44
154 241.6 5.59
155 225.2 4.27
155 235.1 4.5
155 249.2 4.86
155 15.3 0.01
155 45.6 0.01
155 94.9 0.01
155 104.6 0.01
155 114.6 0.01
155 124.6 0.14
155 134.8 0.76
155 149.3 1.24
155 175 1.8
155 199.9 2.77
189 162.2 0.56
189 74.7 0.01
189 90.2 0.01
189 119.4 0.02
189 185 1.54
189 205.3 2.12
190 225.6 2.61
190 235.4 3.28
190 59.4 0.01
190 75.3 0.01
190 84 0.01
190 94.3 0.01
190 104.3 0.02
190 115 0.03
190 124.3 0.21
190 134.5 0.34
190 150.1 0.55
190 174.2 1.37
190 200.3 2.37
214 225 2.88
214 233.5 3.13
214 248.9 3.77
214 4.6 0.02
214 14.3 0.01
214 24.9 0.01
214 35.3 0.01
214 59.9 0.02
214 77.3 0.02
214 85.1 0.01
214 94.7 0.02
214 101.7 0.03
214 114.3 0.15
214 124.7 0.4
214 134.1 0.53
214 149.5 1.16
214 175 1.67
214 199.6 2.52
215 51.3 0.03
215 90.4 0.01
215 141.6 0.19
215 190.5 1.9
215 227.7 2.59
268 209.3 2.03
268 224.9 3.15
268 232.9 3.43
268 249.9 4.47
268 14 0.01
268 75.5 0.01
268 93.9 0.01
268 104.6 0.01
268 125 0.03
268 149.6 0.44
268 174.3 1.4
268 198.4 1.08
268 161.2 0.82
268 179 1.54
268 204.6 2.04
339 211.7 3.1
339 224.2 3.84
339 232.9 4.18
339 249.6 5.72
339 14.6 0.01
339 25.3 0.01
339 33.2 0.01
339 43.6 0.01
339 59.4 0.01
339 73.8 0.02
339 84.5 0.02
339 95.3 0.02
339 106.7 0.03
339 115.2 0.02
339 124.5 0.13
339 134 0.22
339 148.7 0.63
339 159.4 1.14
339 173.6 2
339 185.2 2.37
339 200.3 2.87
340 110.5 0.01
340 120.3 0.14
340 130.6 0.19
340 180 1.94
10 103.4 0.04
10 145.3 0.95
10 170 1.94
10 210.4 3.54
11 223.4 4.33
11 236.7 4.71
11 248.7 5.02
11 24.6 0.01
11 34.6 0.02
11 43.6 0.02
11 59.1 0.03
11 75.3 0.03
11 84.9 0.03
11 94.8 0.15
11 104.3 0.24
11 114.7 0.44
11 124.4 0.57
11 134.7 0.94
11 149.4 1.29
11 173.6 2.47
11 201.8 3.58
49 94 0.03
49 144.5 1.48
49 199.1 2.59
49 232.3 4.39
50 224.5 6.16
50 234.3 6.41
50 249.4 7.83
50 24.5 0.01
50 34.9 0.01
50 44.6 0.01
50 59.5 0.01
50 74 0.02
50 84.6 0.06
50 94.5 0.24
50 105.2 0.48
50 116.1 0.88
50 125.8 1.02
50 135 1.17
50 149 1.54
50 174.2 2.18
50 199.8 2.84
76 110.7 0.13
76 124.2 0.11
76 175 2.3
76 249 4.97
77 208.7 3.1
77 225.3 4.43
77 236 5.45
77 248.4 6.27
77 74.6 0.01
77 85 0.01
77 94.5 0.02
77 105.1 0.08
77 114.7 0.23
77 124.6 0.2
77 134.1 0.25
77 149.3 0.26
77 174.8 1.81
77 200.8 2.83
104 97.3 0.01
104 120.2 0.27
104 181.6 1.94
104 247.8 5.2
105 213.8 3.22
105 223.6 3.81
105 235.9 4.85
105 14.1 0.01
105 25.1 0.01
105 45.5 0.01
105 60.3 0.01
105 74.3 0.01
105 84.6 0.01
105 114.2 0.1
105 124.9 0.06
105 148.8 0.12
105 177.1 0.21
105 205.1 2.35
132 92.5 0.01
132 126.2 0.08
132 169 0.87
132 200 1.66
132 249.3 4.74
133 225.4 2.06
133 236.6 2.53
133 35.1 0.01
133 59.8 0.01
133 74.6 0.01
133 85.8 0.01
133 94.7 0.01
133 104.8 0.02
133 115.4 0.02
133 125.2 0.06
133 134.1 0.4
133 151 0.86
133 174.8 1.41
133 201.9 2.02
167 5 0.01
167 77.1 0.01
168 5.2 0.01
168 174.8 1.43
168 243.9 4.37
168 105.4 0.01
168 115.9 0.01
168 125.8 0.1
168 135.5 0.56
168 150.4 0.85
168 160 1.03
168 202.1 1.9
168 225.7 2.19
168 235.7 3.05
196 55.5 0.01
196 129.5 0.91
196 208.6 3.53
196 5.6 0.01
196 61.1 0.01
196 75.6 0.01
196 84.8 0.02
196 95.7 0.01
196 105.4 0.02
196 114.9 0.02
196 125.4 0.21
196 135.6 0.65
196 150.8 1.13
196 174.5 1.91
196 200.6 2.51
196 210.2 4.17
196 224.9 3.76
196 234.6 4.57
196 249.7 6.32
222 210.5 1.92
222 225.3 3.09
222 235.3 3.88
222 250 5.39
222 15.1 0.01
222 25.8 0.01
222 46.1 0.01
222 105.6 0.1
222 114.7 0.22
222 125.4 0.57
222 136.3 0.74
222 150.2 0.53
222 176 1.81
222 199.7 2.22
223 43.1 0.01
223 90.3 0.01
223 150.6 0.83
223 155.9 1.28
223 216.4 3.49
271 210 1.88
271 225.4 2.36
271 234.7 2.6
271 5 0.01
271 25.9 0.01
271 35.8 0.01
271 45.7 0.03
271 59.8 0.02
271 75 0.02
271 85.8 0.01
271 115.5 0.01
271 125.7 0.12
271 135.3 0.34
271 149.9 0.73
271 175.5 1.26
271 200.7 1.48
272 122.3 0.01
272 181.9 1.39
291 60.9 0.01
291 146 0.1
291 149.6 0.14
292 210.4 1.93
292 224.4 2.38
292 235 3.77
292 35 0.01
292 115 0.01
292 125.7 0.11
292 134.9 0.4
292 149.9 0.36
292 175.2 0.84
292 200.2 1.97
314 104.4 0.01
314 141.5 0.63
314 191.3 2.36
315 211.1 5.51
315 226.1 6.34
315 233.7 7.17
315 85.6 0.01
315 105.3 0.03
315 115.5 0.17
315 125.5 0.37
315 135.4 0.84
315 150.7 1.44
315 175.4 2.55
315 201.3 4.28
342 5.2 0.02
342 50.7 0.01
342 136.2 0.31
342 154.1 0.74
342 189.9 1.17
342 230.6 1.55
343 214 1.4
343 226.1 1.49
343 235.5 1.55
343 25.7 0.01
343 45.8 0.01
343 75.6 0.01
343 115 0.01
343 126.3 0.17
343 136.7 0.39
343 150.9 0.8
343 175.5 1.13
343 200.2 1.44
12 51 0.01
12 101.5 0.01
12 165.7 0.52
12 202.3 1.61
13 210.6 2.84
13 225.6 3.02
13 234.6 3.58
13 24.9 0.01
13 35.8 0.02
13 44.9 0.01
13 59.5 0.01
13 74.6 0.01
13 84.8 0.03
13 94.9 0.03
13 105.4 0.04
13 114.4 0.06
13 125.6 0.14
13 133.6 0.2
13 150 0.56
13 175.6 1.32
13 199.7 1.77
48 121.7 0.05
48 168.8 2.16
48 201.4 3.55
48 243.7 4.75
49 210.6 2.29
49 225.5 2.86
49 235.6 3.16
49 35.2 0.01
49 45.5 0.01
49 115.9 0.08
49 126 0.05
49 135.5 0.21
49 150.8 1.18
49 175.6 2.02
49 201.1 2.5
75 93.4 0.02
75 179.9 2.22
75 239.1 4.15
76 209.7 2.15
76 225.1 2.41
76 235.8 2.8
76 5.3 0.01
76 15.7 0.02
76 25.7 0.03
76 33.8 0.02
76 45.4 0.02
76 60.7 0.03
76 75.3 0.04
76 85.8 0.03
76 94.1 0.02
76 105.5 0.02
76 115.1 0.03
76 125.6 0.14
76 135.8 0.2
76 150.6 0.45
76 176.3 1.78
76 203.1 2.3
103 4.8 0.02
103 40.5 0.01
103 121.8 0.01
103 159.4 0.01
103 220.1 1.61
104 179.9 0.04
104 209.4 0.24
104 225.2 0.5
104 235 1.48
104 249.7 2.37
104 4.7 0.01
104 14.9 0.02
104 25.1 0.01
104 35.4 0.01
104 45.3 0.01
104 75.1 0.01
104 85 0.01
104 95.4 0.01
104 104.2 0.01
104 114.2 0.01
104 124 0.01
104 135.6 0.02
104 149.4 0.05
104 174.5 0.13
104 199.1 0.36
129 12.7 0.01
129 100.6 0.04
129 135.1 1.68
129 165.6 3.55
129 197.4 5.45
130 209.6 6.27
130 226.7 6.66
130 236.8 6.92
130 34.9 0.01
130 44.8 0.01
130 59.7 0.02
130 75.7 0.01
130 85.8 0.02
130 95.3 0.02
130 104.6 0.13
130 114.7 0.21
130 124.9 0.28
130 135.2 0.72
130 150.1 2.04
130 177.2 4.02
130 197.8 5.19
194 55.2 0.01
194 116.1 0.01
194 167.9 0.03
194 205.2 0.52
194 247.7 2.33
195 209.4 0.05
195 224.3 0.1
195 234.8 0.33
195 248.5 1.28
195 4.3 0.01
195 14.6 0.01
195 33.8 0.01
195 73.9 0.01
195 84 0.01
195 95 0.01
195 104.6 0.03
195 113.8 0.11
195 124.2 0.37
195 134.3 0.51
195 149.5 0.23
195 174.2 0.06
195 200.5 0.04
225 4.6 0.03
225 64.4 0.01
225 99.4 0.06
225 196.3 5.05
226 210.4 5.15
226 223.8 5.76
226 234.8 6.83
226 44.4 0.01
226 60 0.01
226 75 0.02
226 84.2 0.03
226 94.7 0.03
226 104.7 0.22
226 114.6 1.4
226 124.5 1.45
226 134.6 2.63
226 149.7 4.08
226 174.6 4.22
226 201.3 4.75
287 137 0.47
287 195.7 1.98
287 224.8 3.57
288 210.3 2.45
288 224.7 2.78
288 235.3 3.13
288 249.6 3.34
288 5 0.01
288 15.1 0.01
288 24.6 0.01
288 34.9 0.04
288 44.2 0.03
288 59.4 0.02
288 74.1 0.03
288 84.5 0.03
288 94.5 0.02
288 105.3 0.01
288 114.5 0.05
288 123.8 0.01
288 134.2 0.29
288 149.7 1.01
288 174.9 1.58
288 200 1.88
312 4.8 0.03
312 115.6 0.57
312 165.2 1.75
312 191.9 3.3
312 218.2 4.42
313 210.1 2.84
313 224.3 3.21
313 234.2 3.46
313 249.1 4.5
313 5.3 0.07
313 45.1 0.01
313 60.1 0.01
313 84.4 0.01
313 94.5 0.47
313 104.1 0.85
313 114.5 1.07
313 124.4 1.36
313 135 1.58
313 150.1 1.75
313 174.7 2.49
313 199.5 3.46
348 3.9 0.01
348 44.8 0.02
348 89.7 0.02
348 125 1.02
348 171 2.36
348 200 3.13
348 224.5 4.91
349 208.8 4.41
349 224.7 5.26
349 235.2 5.96
349 249.4 8.02
349 14.9 0.01
349 34.5 0.02
349 44.8 0.01
349 59.6 0.02
349 74.5 0.02
349 84.3 0.03
349 93.8 0.03
349 104.6 0.12
349 114.3 0.23
349 124.8 0.44
349 135.3 1.15
349 149.6 1.6
349 174.6 2.72
349 200.4 3.57
33 110.6 0.35
33 148.3 1.69
33 179.7 3.2
33 219.7 5.17
34 209.3 4.55
34 224 5.56
34 234.3 6.02
34 250 6.98
34 44.7 0.01
34 59.7 0.01
34 104.5 0.01
34 124.3 0.5
34 150.1 1.66
34 175.2 2.32
34 202 4
60 5 0.01
60 4.7 0.02
60 49.3 0.04
60 97.8 0.05
60 149.1 0.75
60 178.9 1.54
60 226.6 3.03
61 208.6 2.78
61 222.9 3.38
61 234 3.78
61 249.4 5.21
61 15.3 0.01
61 25.1 0.03
61 59.4 0.01
61 95.3 0.08
61 105.5 0.17
61 113.8 0.21
61 124 0.36
61 135 0.55
61 148.6 0.87
61 174.5 1.64
61 200.9 2.14
88 4.4 0.01
88 89.6 0.01
88 124.5 0.33
88 170 1.97
88 199.4 2.21
88 237.8 4.77
89 4.2 0.01
89 209.4 2.18
89 224.7 3.01
89 235.6 4.09
89 14.3 0.01
89 115.1 0.01
89 125.2 0.02
89 134 0.03
89 149.3 0.99
89 174.8 1.59
89 201.2 2.21
116 70.4 0.01
116 140.1 0.13
116 204.8 2.57
117 209.4 3.84
117 224.5 4.78
117 234.1 5.08
117 249.4 4.76
117 35.5 0.01
117 60.7 0.03
117 75 0.02
117 94.8 0.01
117 104 0.05
117 114.2 0.03
117 124.6 0.05
117 134.7 0.06
117 149.3 0.36
117 174.2 1.8
117 200.5 2.9
144 5 0.01
144 124.6 0.01
144 159.9 0.74
144 202.2 1.91
144 249.4 3.14
145 209.1 2.69
145 224.3 3.23
145 234.2 3.51
145 249.3 4.7
145 35 0.01
145 124.2 0.01
145 134.3 0.07
145 150.2 0.21
145 175.1 0.59
145 199.4 1.4
172 51.3 0.01
172 123.6 0.01
172 175.4 1.49
172 194.7 2.31
172 245.3 4.85
173 210.4 2.88
173 226.4 3.83
173 237.1 4.4
173 24.7 0.02
173 74.8 0.01
173 94.4 0.01
173 104.1 0.01
173 115 0.01
173 134.4 0.02
173 149.8 0.47
173 174.5 1.31
173 202 2.32
207 169.4 1.58
207 220.4 4.3
208 209.3 4.29
208 223.5 5.15
208 234.3 5.82
208 249.5 6.74
208 134 0.21
208 150.1 1.16
208 174.7 2.44
208 199.6 3.82
235 5.9 0.05
235 9.9 0.01
235 44.2 0.02
235 82 0.02
235 89.8 0.02
235 117.9 0.02
235 134.5 0.21
235 192 2.11
236 5.1 0.02
236 91.4 0.01
236 209.1 3.21
236 224 3.67
236 234.8 4.43
236 5 0.02
236 15.2 0.02
236 24.9 0.02
236 34.7 0.02
236 44.9 0.01
236 60 0.01
236 73.9 0.01
236 85.1 0.02
236 94.7 0.02
236 105.3 0.04
236 114.8 0.22
236 126 0.64
236 134.9 0.84
236 149 1.07
236 159.5 1.25
236 173.9 1.81
236 185.4 2.29
236 201.1 3.11
291 3.9 0.01
291 154.3 0.57
291 219.9 3.22
292 126 0.01
292 151.3 0.81
292 174.7 1.26
292 200.7 2.66
334 4.9 0.01
334 50.4 0.01
334 99.3 0.04
334 124.5 0.14
334 192.5 1.86
335 4.6 0.01
335 14.8 0.01
335 25.2 0.01
335 35 0.01
335 99.6 0.01
335 125.1 0.04
335 150.1 0.19
335 174.6 0.76
335 201 2.07
335 225.2 3.1
354 126.7 0.04
354 179.9 1.06
354 224.4 3.31
355 15.1 0.01
355 34.5 0.01
355 58.9 0.01
355 72.8 0.01
355 150.4 0.27
355 172.3 0.8
355 199.6 1.69
16 3.4 0.01
16 48.3 0.01
16 99 0.01
16 148.9 0.48
16 208.3 1.59
16 244.1 3.19
17 23.3 0.01
17 43.2 0.01
17 58.1 0.01
17 124.1 0.02
17 148.5 0.08
17 172.8 0.25
17 198.9 1.12
45 4.3 0.03
46 43.9 0.01
46 59.5 0.01
46 73.8 0.01
46 99.1 0.08
46 123.2 0.9
46 151.3 1.76
46 173.8 2.25
46 198.4 4.01
46 151.6 1.36
46 231.2 4.43
80 4.1 0.05
80 11.9 0.07
80 20.2 0.08
80 33.8 0.09
80 44.2 0.08
80 58.9 0.07
80 73.4 0.09
80 98.6 0.06
80 124.6 0.21
80 148.5 1.86
80 164.2 2.49
80 174 2.09
80 73.3 0.04
80 98.6 0.03
80 147.6 1.28
80 198.6 2.06
80 223.6 2.99
80 249.4 4.77
82 98.8 0.09
82 123.9 0.03
82 134.1 0.03
82 149.4 0.27
82 183.4 1.93
82 214 2.85
82 246.5 4.69
107 3.7 0.34
107 3.7 0.26
107 44.3 0.13
107 78.4 0.11
107 128.1 0.09
107 163.2 0.34
107 214 1.98
108 13.6 0.37
108 23.1 0.25
108 33.8 0.47
108 43.9 0.48
108 59.3 0.49
108 83.8 0.02
108 163.4 0.17
108 199.5 0.95
136 4.8 0.4
136 8.9 0.34
136 19.5 0.22
136 59.1 0.21
136 104.4 0.21
136 124.2 0.22
136 169.6 2.83
136 216.4 4.93
137 4.8 0.07
137 14.7 0.11
137 24.9 0.1
137 34.2 0.08
137 44.6 0.11
137 60 0.34
137 75 0.09
137 99.3 0.05
137 124.4 0.67
137 149.8 1.72
137 175.2 2.73
137 200.6 3.49
164 4 0.04
164 3.6 0.03
164 49 0.06
164 103.5 0.13
164 138.5 0.49
164 178.8 0.98
164 219.4 3.52
193 4.1 0.08
193 3.9 0.04
193 34.3 0.04
193 58.6 0.04
193 95.1 0.03
193 124.2 0.11
193 178.4 1.51
193 207.9 2.54
193 245 4
221 5.2 0.02
221 29.5 0.04
221 60.8 0.04
221 74.5 0.04
221 82.6 0.05
221 118 0.08
221 159.5 1.17
221 198.6 2.19
221 5 0.04
274 5.1 0.03
274 5.4 0.03
274 53.7 0.03
274 72.3 0.04
274 98.9 0.11
274 125.3 0.15
274 167.4 1.27
274 227.6 4.87
295 4.6 0.03
295 4.4 0.02
295 64.9 0.02
295 92.6 0.03
295 154.8 0.74
295 189.9 1.23
295 231.7 4.23
320 4.2 0.03
320 3.7 0.01
320 8.9 0.02
320 33.9 0.04
320 59.6 0.03
320 95.9 0.09
320 98.6 0.1
320 108.7 0.3
320 123.3 0.62
320 184.5 2.36
320 244.5 6.81
349 4.8 0.03
349 50.2 0.02
349 92.3 0.06
349 167.1 2.11
349 200.4 3.89
349 240 6.49
349 4.4 0.02
15 4.7 0.13
15 4 0.11
15 48.2 0.01
15 98.6 0.02
15 142.8 0.45
15 189.8 0.92
15 228.3 1.92
51 4.8 0.02
51 3.9 0.02
51 24.3 0.05
51 44 0.07
51 75.2 0.07
51 115 0.21
51 125.7 0.51
51 213.6 3.96
71 4.8 0.01
71 24.7 0.05
71 74.6 0.03
71 109.7 0.02
71 150.1 0.03
71 178.8 0.78
71 214.1 1.25
71 248.1 1.98
140 4.5 0.02
140 4 0.04
140 38.5 0.01
140 49.2 0.02
140 74.3 0.03
140 114.5 1.2
140 157.4 2.78
140 200.1 5.08
180 27.2 0.01
180 4.4 0.05
180 55.3 0.06
180 69.2 0.06
180 109 0.07
180 144.1 1.13
180 234.3 6.77
239 5.6 0.02
239 4.8 0.04
239 24.9 0.06
239 68.1 0.05
239 84.2 0.06
239 99.7 0.06
239 142.2 0.51
239 178.1 2.39
239 244.1 6.09
279 4.4 0.03
279 9.7 0.03
279 66.1 0.03
279 84.6 0.09
279 124.6 0.45
279 179.7 2.06
279 220.2 3.69
307 5.1 0.04
307 15 0.04
307 73.8 0.03
307 81.6 0.06
307 110.8 0.32
307 164.7 1.93
307 203.4 2.83
307 239.5 5.42
328 9.5 0.02
328 8.8 0.02
328 51.4 0.02
328 96.5 0.05
328 116.4 0.26
328 188.1 1.89
328 220.7 2.87
352 4.8 0.07
352 10.4 0.06
352 54.3 0.06
352 102.8 0.16
352 124.8 0.51
352 173.9 1.88
352 210.9 3.18
352 248 5.82
16 4.1 0.03
16 4.9 0.03
16 38.1 0.04
16 71.1 0.08
16 105 0.14
16 138.3 0.21
16 180.9 1.66
16 239.9 4.34
56 4.9 0.03
56 3.9 0.05
56 40.4 0.05
56 74.1 0.06
56 101.2 0.08
56 164.7 1.61
56 198.5 2.57
87 3.6 0.14
87 59.4 0.06
87 114.6 0.41
87 148.7 1.21
87 185.7 2.29
87 218.5 2.96
113 3.9 0.03
113 4.1 0.02
113 57.9 0.03
113 83.5 0.04
113 123.1 1.19
113 160.4 2.44
113 197.8 5.17
113 240.4 8.18
140 4.3 0.03
140 4.1 0.08
140 33.7 0.1
140 76.9 0.06
140 112.3 0.24
140 148.4 1.51
140 178.2 2.13
140 244.9 6.55
170 5 0.02
170 4.7 0.05
170 67.1 0.08
170 104.9 0.09
170 139.9 0.45
170 172.5 0.88
170 224.8 1.39
200 4.5 0.04
200 5.2 0.04
200 39.1 0.05
200 75.1 0.05
200 104.9 0.05
200 163.4 1.13
200 224.9 5.74
232 43 0.04
232 82.6 0.07
232 109.3 0.06
232 142.1 0.42
232 200.3 1.56
287 4.9 0.01
287 5.8 0.04
287 47.8 0.05
287 88.4 0.04
287 128.3 0.04
287 233.3 3.05
313 5.3 0.07
313 5 0.04
313 41.8 0.04
313 79 0.04
313 93.7 0.08
313 108.2 0.11
313 154.2 2.05
313 212.4 6.81
313 248.2 10.79
353 4.7 0.06
353 24.5 0.02
353 61.2 0.01
353 95.2 0.22
353 154.3 1.38
353 186.2 2.29
353 220.7 5.24
21 4.2 0.08
21 4.1 0.01
21 54.1 0.02
21 102 0.03
21 193.6 1.86
21 249.5 5.47
55 4.8 0.07
55 3.8 0.05
55 26.7 0.02
55 73.4 0.06
55 117.4 0.51
55 176 2.03
55 242.6 5.94
79 8.4 0.1
79 4.5 0.08
79 64.1 0.04
79 124.7 0.75
79 167.7 2.42
79 232.9 4.26
111 4.3 0.09
111 3.7 0.03
111 57 0.12
111 109.9 0.11
111 191.8 2.44
139 4.4 0.01
139 4.1 0.03
139 47.1 0.03
139 74 0.06
139 125.3 0.52
139 174.9 2.34
139 215.7 3.85
167 4.4 0.08
167 4.7 0.14
167 111.4 0.02
167 146.9 0.64
167 205.3 3.25
195 4.9 0.09
195 60.2 0.03
195 95.9 0.12
195 149.9 0.24
195 198.5 1.88
196 4.9 0.05
196 25.1 0.03
196 43.4 0.03
196 60 0.07
196 125.1 0.01
196 149.8 0.35
196 174.8 0.89
196 200 1.91
228 4.7 0.02
228 118.6 0.12
228 150.7 1.36
228 209.7 5.58
272 7.4 0.04
272 4.9 0.05
272 50.7 0.06
272 61.4 0.05
272 82.3 0.05
272 121.1 0.02
272 167.6 1.67
272 220.1 4.06
304 64.6 0.02
304 92.7 0.03
304 152.5 1.27
304 190.6 2.84
304 226.3 5.28
332 24.4 0.03
332 71.2 0.04
332 80.9 0.03
332 97.9 0.31
332 150.6 1.52
332 192.6 3.45
332 230.3 6.29
355 4.9 0.01
355 47.2 0.02
355 88.3 0.01
355 102 0.01
355 174.3 3.48
355 223.9 6.15
32 4.3 0.04
32 4.6 0.06
32 43.2 0.05
32 81.9 0.08
32 202.4 2.47
63 6.2 0.05
63 5.2 0.02
63 55.7 0.04
63 114.8 0.09
63 172.2 2.21
63 222 5.32
137 11.4 0.04
137 8.5 0.02
137 36.4 0.04
137 79.1 0.04
137 120.1 0.03
137 179 0.66
165 15.1 0.05
165 13.2 0.02
165 49.1 0.04
165 86.5 0.04
165 138.2 2.43
165 172.7 2.64
165 209.9 5.16
199 76.1 0.09
199 132.6 0.38
199 182.5 2.56
199 242 6.03
199 5 0.05
225 5.2 0.04
225 5.3 0.04
225 71 0.04
225 97.5 0.07
225 136.6 0.08
225 174.8 0.33
225 196.4 1.31
252 12 0.06
252 13.3 0.05
252 69.6 0.09
252 94.1 0.14
252 138.9 0.22
252 173.7 1.3
252 206.4 2.61
281 5.5 0.09
281 12.3 0.01
281 50 0.02
281 89.1 0.06
281 114.5 0.16
281 139 0.74
281 189.6 1.72
281 245.1 5.71
316 43.7 0.04
316 81.4 0.05
316 97.5 0.06
316 139.8 0.68
316 206.6 2.73
346 4.5 0.05
346 4.5 0.04
346 49.7 0.05
346 96.6 0.08
346 124.9 0.42
346 186.5 2.6
346 240.5 6
26 13.1 0.01
26 45.6 0.04
26 81 0.05
26 200.6 2.17
45 15.3 0.05
45 11.4 0.04
45 71.3 0.02
45 98.6 0.03
45 128.8 1.1
70 33.7 0.01
70 95.4 0.01
70 153.6 0.45
70 199.7 2.33
70 31.5 0.02
91 8.7 0.08
91 14.8 0.04
91 44.2 0.05
91 152.2 0.29
91 196.5 0.31
91 240.1 3.44
146 4.8 0.04
146 11.6 0.03
146 48.5 0.02
146 85.7 0.03
146 150.4 2.23
146 185.8 4.99
146 237.4 8.41
164 14.6 0.04
164 26.2 0.04
164 39.6 0.04
164 95 0.03
164 147.2 2.28
164 182.3 3.32
164 214.7 4.69
193 5.4 0.01
193 5.8 0.02
193 54.2 0.02
193 74.3 0.06
193 143.5 0.42
193 203.9 3.22
220 7.3 0.02
220 18.7 0.04
220 40.1 0.07
220 64.2 0.07
220 106.4 0.19
220 171.7 2.26
220 232.1 5.64
258 5.7 0.06
258 10.1 0.07
258 65.6 0.05
258 103.2 0.06
258 140.7 0.58
258 194.6 2.23
293 6.7 0.04
293 7.4 0.08
293 47.2 0.08
293 63.1 0.08
293 103.3 0.07
293 135.9 0.52
293 169.5 0.81
293 235.9 1.58
312 6 0.02
312 12.6 0.07
312 71.1 0.09
312 77.5 0.09
312 118.8 0.36
312 153.7 0.81
312 191.2 1.72
312 241 5.17
343 8.8 0.05
343 10.6 0.04
343 51.8 0.04
343 93.4 0.04
343 117.5 0.38
343 153.5 2.27
343 217.6 5.61
37 3.3 0.06
37 4.5 0.01
37 62.4 0.01
37 135.6 1.2
37 178.4 3.06
37 224.3 6.26
79 4.8 0.13
79 5.2 0.09
79 58.6 0.1
79 110.3 0.87
79 163.5 2.99
79 208.9 6.1
124 7 0.07
124 195.4 2.65
160 7.4 0.09
160 6.6 0.05
160 33.1 0.06
160 95 0.04
160 128.1 0.12
160 160.2 0.08
160 225 2.56
188 8.2 0.08
188 40.3 0.1
188 70.2 0.11
188 90 0.09
188 136.2 0.81
188 179.9 1.6
188 244.8 5.78
188 6.4 0.06
215 6.7 0.08
215 50.5 0.01
215 95.2 0.05
215 110.5 0.01
215 131 0.28
215 179.3 5.32
215 216 8.44
215 250 10.22
245 140.8 0.96
245 193.8 2.55
245 246.7 6.13
275 149.9 0.31
275 205.3 2.3
336 9.2 0.08
336 26.3 0.08
336 62.9 0.14
335 125.7 1.11
335 164.9 2.67
335 221.9 8.28
354 5.9 0.05
354 10.2 0.08
29 9 0.01
29 13.3 0.14
29 69.7 0.16
29 124.9 1.26
29 174 2.79
29 234.3 5.56
54 7.7 0.04
54 12.8 0.11
54 60.4 0.08
54 125.3 0.78
54 179.7 2.65
54 235.3 6.56
148 8.8 0.04
148 6.2 0.07
148 107.7 0.15
148 148.5 0.21
177 6.9 0.05
177 7.5 0.06
177 65.7 0.09
177 79.8 0.12
177 102.2 0.11
177 135 0.47
177 186.4 4.16
177 230.8 7.92
208 14.2 0.09
208 10.7 0.09
208 160.8 0.46
208 198.3 1.89
208 235 3.38
229 7 0.02
229 6.2 0.04
229 50.9 0.08
229 75.9 0.08
229 111.4 0.06
229 149.1 0.58
229 207.4 2.04
284 7.4 0.06
284 10.2 0.08
284 62.3 0.08
284 85.6 0.07
284 122.4 0.45
284 154.1 1.37
284 190.6 2.3
336 10.9 0.01
336 104.9 0.62
335 161.1 2.5
335 220 6.01
20 11.2 0.03
20 13.3 0.03
20 40.4 0.06
20 75.9 0.07
20 135.6 0.45
20 185.4 2.19
20 242.7 6.39
48 7 0.02
49 9.4 0.01
48 64.7 0.03
48 121.1 0.68
48 170.3 2.49
48 220.8 5.55
118 9.6 0.05
118 5.5 0.04
118 45.3 0.01
118 87.8 0.01
118 140.4 0.29
118 194.4 3.09
147 5.2 0.03
147 5.2 0.06
147 25.7 0.03
147 71.2 0.07
147 126.6 0.12
147 186.8 1.09
147 246.5 6.49
184 7.7 0.07
185 7.6 0.06
185 47.4 0.06
185 64.5 0.01
185 110.6 0.04
185 158.5 0.52
185 202.4 1.77
206 8.3 0.03
206 6.3 0.03
206 57.7 0.05
206 72.7 0.03
206 125.2 0.2
206 164.5 1.24
206 202.1 2.5
230 8.2 0.06
230 69.6 0.05
230 117.2 0.04
230 161.1 0.64
230 204.8 0.91
230 244.8 3.11
267 5.2 0.02
267 10.6 0.01
267 123.2 1.33
267 165 2.55
267 231.9 7.12
307 4.4 0.03
307 42.4 0.05
307 58.8 0.07
307 84.5 0.07
307 120.7 0.39
307 161.4 2.46
307 188.9 3.68
307 223.2 5.58
343 4.8 0.07
343 4.1 0.02
343 39.3 0.01
343 76.2 0.04
343 87.6 0.01
343 143.3 0.37
343 203.9 1.08
68 5.5 0.03
68 59.6 0.06
68 90.7 0.08
68 119.4 0.5
68 153.6 1.15
68 231.4 5.26
68 5.3 0.04
69 4.7 0.05
69 15.6 0.04
69 25.5 0.05
69 36.1 0.04
69 45.6 0.04
69 59.9 0.05
69 75.3 0.06
69 101.3 0.04
69 125.4 1
69 150.8 1.55
69 172.8 2.26
69 200.6 3.95
96 4.6 0.03
96 9.1 0.05
96 50.3 0.05
96 100.8 0.07
96 120.4 0.05
96 136 0.17
96 199.3 1.35
96 220.8 1.78
96 239.8 2.49
97 4.8 0.03
97 15.2 0.02
97 35.3 0.03
97 59.7 0.01
97 76.6 0.01
97 99.8 0.06
97 124.6 0.42
97 151.1 0.96
97 175.6 1.43
97 200.1 1.95
138 5.9 0.04
138 25.1 0.05
138 45.5 0.03
138 75.3 0.05
138 108.5 0.02
138 125 0.13
138 142.6 0.01
138 197 1.08
139 4.2 0.03
139 14.8 0.02
139 24.7 0.02
139 35.3 0.02
139 45.4 0.03
139 60.4 0.02
139 74.5 0.04
139 100 0.23
139 125.5 0.26
139 150.4 0.3
139 175.3 0.77
139 200.3 1.82
159 4.9 0.03
159 5.9 0.02
159 37 0.02
159 65.8 0.02
159 69.9 0.03
159 106.6 0.03
159 119.6 0.26
159 222.3 3.73
160 5.6 0.04
160 15.3 0.04
160 25 0.02
160 36 0.03
160 45.7 0.03
160 61.5 0.03
160 74.1 0.03
160 98.2 0.05
160 124.8 0.9
160 146.6 0.83
160 175.8 2.13
160 206.8 3.71
189 6.9 0.04
189 13.8 0.01
189 46.9 0.03
189 55.4 0.02
189 70.2 0.03
189 111.7 0.23
189 172 2.57
189 231.2 4.45
190 5.7 0.03
190 15 0.04
190 25 0.05
190 35.1 0.06
190 44.3 0.04
190 59.5 0.04
190 74.4 0.04
190 99.3 0.06
190 125.1 0.77
190 149.1 1.52
190 174.9 1.59
190 200.5 3.19
219 7.2 0.04
219 25.5 0.08
219 66.4 0.09
219 107.6 0.07
219 140.6 0.1
219 160.3 0.51
219 190.5 0.94
219 239 2.23
220 5.7 0.01
220 15.2 0.01
220 25.3 0.02
220 35.6 0.03
220 45.2 0.02
220 60.6 0.03
220 75.5 0.03
220 100.2 0.03
220 125.2 0.31
220 150.3 0.06
220 175.1 0.44
220 200.5 1.25
247 25.3 0.04
247 80.7 0.02
247 96.1 0.03
247 144.6 0.51
247 171.1 0.97
247 205.2 1.52
247 239.7 1.92
247 5.4 0.05
247 14.9 0.05
247 25.6 0.03
247 35.2 0.03
247 45.5 0.04
247 60.2 0.03
247 76 0.02
247 100.5 0.03
247 125.5 0.31
247 150.2 0.75
247 175.4 1.03
247 200.7 1.48
276 7.6 0.02
276 75 0.01
276 80.6 0.01
276 95 0.02
276 134.1 0.2
276 184.3 1.37
276 205.6 1.49
277 7.5 0.04
277 16.1 0.03
277 26 0.04
277 35 0.03
277 45.9 0.04
277 61.1 0.04
277 75.3 0.04
277 100.6 0.09
277 125.5 0.39
277 150.4 0.86
277 174.9 1.12
277 199.8 1.46
325 5.2 0.02
325 15 0.02
325 24.8 0.03
325 35.5 0.03
325 44.9 0.04
325 59.3 0.04
325 74.8 0.04
325 100.4 0.26
325 124.7 0.57
325 150 1.05
325 174.7 1.47
325 200.8 1.86
326 4.9 0.03
326 54.9 0.03
326 104 0.05
326 133 0.68
326 174.2 1.22
326 194.3 1.43
326 236 2.34
326 5.1 0.02
9 4.1 0.08
28 7.6 0.05
28 97 0.06
28 109.4 0.29
28 131.1 1.18
28 189.8 3.58
28 210.4 4.28
29 2.4 0.04
29 15.2 0.06
29 24.8 0.06
29 34.4 0.05
29 44.9 0.05
29 60.5 0.04
29 74.6 0.02
29 101.4 0.38
29 125.4 0.98
29 150.3 2.1
29 176.1 2.83
29 200.5 3.93
59 6.8 0.02
59 38.1 0.01
59 101.5 0.21
59 159.2 1.85
59 190.4 2.96
59 214.9 3.38
59 232 4.36
60 7.8 0.02
60 14.9 0.01
60 26.1 0.02
60 34.6 0.01
60 45 0.03
60 60 0.01
60 75.4 0.01
60 100.5 0.1
60 126.1 1.19
60 150.8 1.31
60 174.8 1.88
60 200.1 2.43
101 8.1 0.02
102 42.6 0.01
102 140.8 0.41
102 156 0.7
102 186 1.28
102 6.8 0.03
102 14.9 0.04
102 25.4 0.04
102 35.1 0.04
102 44.8 0.05
102 61 0.04
102 75.5 0.04
102 101.1 0.04
102 125.2 0.04
102 150.9 0.19
102 175.7 1.07
102 200.9 1.26
129 4.7 0.02
129 44.7 0.01
129 81 0.02
129 148.1 1
129 191.4 2.56
129 233.4 5.13
130 5.6 0.02
130 15.5 0.01
130 26.3 0.01
130 33.9 0.02
130 75.3 0.01
130 100.4 0.01
130 125.8 0.02
130 150.2 0.12
130 174.9 1.11
130 200.8 2.13
201 4.7 0.01
201 124.9 0.24
201 145.6 0.28
201 194 1.61
201 6.1 0.03
201 14.2 0.02
201 24.7 0.03
201 34.1 0.03
201 44.5 0.02
201 59.5 0.02
201 74.8 0.02
201 99.8 0.03
201 124.5 0.04
201 149.3 0.26
201 174.9 1.11
201 199.5 2.55
243 5.7 0.04
243 15.2 0.05
243 24.6 0.04
243 34.6 0.04
243 44.6 0.04
243 60 0.04
243 74.9 0.04
243 99.8 0.15
243 124.7 0.45
243 149.4 1.39
243 173.7 2.4
243 200.7 3.53
244 5.9 0.01
244 46.6 0.02
244 78.4 0.02
244 83.6 0.03
244 111.6 0.04
244 119.7 0.03
244 6.2 0.01
270 5.8 0.03
270 16.2 0.03
270 25.8 0.03
270 36 0.03
270 45.6 0.03
270 60.8 0.03
270 76.1 0.03
270 100.7 0.04
270 125.6 0.17
270 150.4 0.94
270 176.6 2.01
270 200.8 3.53
270 5.9 0.03
270 30.8 0.04
270 50.7 0.05
270 80.7 0.03
270 100.1 0.02
270 149.1 0.81
270 211.6 4.13
271 5.3 0.01
308 5.5 0.02
309 66.1 0.02
309 84.1 0.05
309 118.8 0.42
309 157.7 1.8
309 195.5 3.29
309 230.7 5.32
309 5.7 0.02
309 15.8 0.02
309 24.5 0.02
309 35.7 0.02
309 45.5 0.02
309 60.8 0.05
309 74.9 0.04
309 99.8 0.22
309 125.4 0.83
309 149.8 1.66
309 173.9 1.94
309 200.3 3.3
333 6 0.03
333 14.3 0.02
333 24.9 0.03
333 35.4 0.03
333 45.5 0.02
333 59.4 0.03
333 74.8 0.02
333 99.8 0.03
333 124.7 0.11
333 150.2 0.87
333 175.5 1.41
333 200 2.58
334 5.3 0.03
334 52.8 0.05
334 99.4 0.03
334 124.2 0.45
334 169.3 1.49
334 213.9 3.52
353 6.2 0.01
353 5.5 0.04
353 61.4 0.06
353 119.2 0.15
353 147.2 0.62
353 186.3 2.03
353 239.4 5.37
354 5 0.01
354 15.1 0.02
354 24.6 0.02
354 34.8 0.01
354 43.8 0.02
354 59.4 0.02
354 73.9 0.02
354 99.5 0.06
354 123.6 0.47
354 149.5 1.05
354 175.6 2.32
354 199.6 3.99
18 5.3 0.04
18 4.8 0.01
18 38.3 0.02
18 70.3 0.01
18 135.9 0.64
18 177.5 1.55
18 244.8 5.09
19 5.5 0.02
19 14.9 0.02
19 25.1 0.02
19 33.8 0.02
19 44.6 0.02
19 61.1 0.02
19 76.1 0.02
19 101.5 0.03
19 126.5 0.2
19 151 0.79
19 175.1 1.45
19 199.4 2.36
84 4.6 0.01
85 214.9 2.95
85 6.4 0.01
85 15.5 0.01
85 25.5 0.01
85 36.2 0.01
85 45.2 0.02
85 60.9 0.01
85 76.3 0.01
85 102.7 0.01
85 125.9 0.02
85 150.4 0.45
85 176.3 1.04
85 201.7 1.9
122 6.4 0.03
122 16.5 0.01
122 58.2 0.02
122 100.2 0.03
122 139.7 0.23
122 179.9 0.25
122 233 3.01
124 5.9 0.01
124 14.4 0.01
124 34.5 0.01
124 43.9 0.01
124 73.1 0.01
124 98.3 0.01
124 124.2 0.08
124 150.8 0.2
124 174.9 0.22
124 199.5 1.85
151 5.4 0.03
151 5 0.04
151 35.5 0.05
151 74.4 0.05
151 114 0.03
151 159.1 0.58
151 207.4 1.77
153 4.9 0.01
153 24.4 0.01
153 45.5 0.01
153 59.5 0.02
153 74.9 0.01
153 99.7 0.01
153 126.1 0.01
153 148.5 0.33
153 175.6 0.99
153 200.1 2.35
178 5.5 0.07
179 5.3 0.01
179 71.4 0.02
179 127.2 0.41
179 139.6 0.96
179 204.6 2.86
179 249.6 4.62
179 5.7 0.01
179 14.5 0.02
179 25.6 0.01
179 34.8 0.01
179 45.2 0.01
179 59.8 0.03
179 74.8 0.01
179 99.8 0.01
179 124 0.05
179 150.3 0.93
179 174.9 1.54
179 199.7 2.91
213 11.6 0.06
213 9.6 0.01
213 60.5 0.01
213 107 0.02
213 149.5 0.86
213 190.8 2.82
214 10.5 0.02
214 16.1 0.01
214 25.8 0.01
214 35.1 0.01
214 45.4 0.02
214 60.4 0.02
214 75.1 0.02
214 100.4 0.02
214 125.6 0.17
214 150.2 0.79
214 174.9 1.14
214 200 1.53
230 6 0.01
230 6.4 0.01
230 34.3 0.02
230 83.6 0.02
230 125.9 0.03
230 195.6 2.31
230 248 5.12
231 15.3 0.02
231 25.4 0.01
231 35.5 0.02
231 45.3 0.02
231 60.3 0.02
231 75 0.01
231 100 0.02
231 125.3 0.01
231 150.1 0.35
231 175.5 0.98
231 200.4 1.81
258 5.8 0.02
258 10.3 0.03
258 45.1 0.03
258 78.6 0.05
258 118.8 0.02
258 150.9 0.04
258 204.4 1.27
259 5.7 0.01
259 35.3 0.01
259 60.4 0.01
259 75.4 0.02
259 100.2 0.01
259 125.1 0.04
259 150.7 0.37
259 175.4 0.7
259 200.2 1.32
281 5.1 0.02
281 6.3 0.04
281 66.4 0.01
281 81.5 0.02
281 115.3 0.01
281 163.7 0.57
281 211.4 2.15
282 4.5 0.03
282 15.5 0.01
282 25.5 0.01
282 35.2 0.01
282 45.5 0.02
282 60.7 0.01
282 75.3 0.01
282 100.2 0.02
282 125.3 0.04
282 149.9 0.12
282 175.2 0.62
282 200.1 1.33
338 5.5 0.07
339 6.6 0.02
339 26.1 0.06
339 73 0.08
339 80.2 0.04
339 103.9 0.26
339 139.3 1.15
339 175.7 2.68
339 211.4 4.53
339 245.2 6.83
339 7 0.01
339 16.9 0.01
339 26.5 0.01
339 37.4 0.01
339 46.9 0.02
339 60.3 0.01
339 75.9 0.01
339 101.1 0.02
339 125.1 0.32
339 150.7 0.76
339 177.1 1.38
339 200.8 2.38
43 7.9 0.08
43 66.8 0.03
43 126.2 0.37
43 183.3 2.55
43 238.9 6.19
44 7.3 0.03
44 16.2 0.03
44 25.5 0.03
44 35.2 0.05
44 45.7 0.03
44 61 0.03
44 75.9 0.03
44 100.3 0.02
44 125.6 0.03
44 150.2 0.11
44 175.4 0.75
44 200.4 1.28
65 4.3 0.04
65 7.1 0.02
65 60.2 0.03
65 130.1 0.04
65 151.5 0.2
65 205 2.22
66 8.7 0.02
66 18.4 0.02
66 23.8 0.03
66 34.7 0.02
66 45.2 0.03
66 59.9 0.02
66 75.2 0.02
66 99.9 0.02
66 125.8 0.03
66 149.7 0.57
66 175.3 1.75
66 199.6 2.53
95 5 0.03
95 46.8 0.03
95 87.8 0.03
95 134.9 0.04
95 180.1 0.43
95 204.2 1.75
95 244.6 5.86
96 5.3 0.02
96 15.1 0.02
96 25.3 0.03
96 35.6 0.03
96 45.5 0.02
96 60.5 0.01
96 75.5 0.02
96 100.1 0.24
96 126.3 0.23
96 150.7 0.17
96 175.3 0.44
96 200.4 1.07
137 8.4 0.03
137 7.8 0.02
137 45.8 0.01
137 72.7 0.04
137 114.9 0.06
137 153.3 0.04
137 187.1 0.27
137 221.7 3.11
138 8.8 0.01
138 18.8 0.02
138 25.7 0.02
138 35.3 0.02
138 44.4 0.02
138 59.2 0.01
138 74.6 0.02
138 100.1 0.06
138 125.9 0.11
138 150.1 0.2
138 175.8 0.34
138 200.2 0.82
176 7 0.01
176 9.1 0.09
176 65.6 0.12
176 105.6 0.15
176 116.5 0.57
176 174.5 2.71
176 237.7 6.85
177 7.2 0.01
177 17 0.03
177 24.9 0.01
177 35.5 0.02
177 45.2 0.02
177 60.6 0.02
177 75.5 0.03
177 100 0.04
177 125.3 0.07
177 150.8 1.01
177 174.5 1.76
177 199.9 2.99
254 6.6 0.02
254 30.9 0.04
254 55.1 0.05
254 70.5 0.04
254 108.7 0.4
254 120.9 0.71
254 141 0.89
254 160.3 1.63
254 188.9 3.11
254 226 6.36
255 7.4 0.01
255 17.4 0.01
255 26.9 0.02
255 35.3 0.01
255 46.3 0.01
255 60 0.01
255 75.1 0.01
255 100.6 0.01
255 125.9 0.18
255 150.3 0.75
255 175.1 1.28
255 201.6 2.08
274 6 0.02
274 7.6 0.06
274 52 0.07
274 75.7 0.04
274 111.8 0.08
274 149 0.96
274 184.9 2.66
274 238.6 6.06
275 7.5 0.01
275 17.5 0.01
275 26.2 0.01
275 34.6 0.01
275 45.4 0.01
275 59.8 0.01
275 76.7 0.01
275 101.5 0.03
275 125.9 0.15
275 150.5 1.28
275 175.4 2.49
275 200.3 3.9
300 7.2 0.01
300 8 0.01
300 44.5 0.01
300 82.7 0.02
300 110.9 0.17
300 164.2 0.74
300 218.8 2.6
301 6.5 0.02
301 16.2 0.03
301 25.4 0.02
301 35.5 0.03
301 45 0.03
301 60.9 0.03
301 75 0.03
301 100.2 0.03
301 126 0.18
301 150.2 0.56
301 175.8 0.87
301 199.9 1.24
330 6.9 0.03
330 7.7 0.01
330 44.6 0.03
330 85.2 0.01
330 112.2 0.23
330 157.9 0.63
330 204.4 1.95
331 6 0.03
331 15.8 0.02
331 24.2 0.02
331 34.6 0.03
331 45 0.01
331 60.2 0.02
331 74.8 0.03
331 100.1 0.09
331 125.4 0.39
331 149.9 0.78
331 174.2 1.44
331 200.7 2.15
354 7.1 0.04
354 70.5 0.01
354 85.7 0.01
354 122.4 0.82
354 155.1 2.46
354 209.6 5.67
355 6.7 0.03
355 17.1 0.03
355 25.2 0.04
355 35.4 0.06
355 45.6 0.07
355 61.6 0.08
355 75.2 0.09
355 100.6 0.37
355 124.9 0.82
355 149.3 1.47
355 175.7 2.13
355 200.4 4.21
15 5.2 0.01
15 6.2 0.01
15 50 0.01
15 95.4 0.13
15 140 1.29
15 182.3 3.37
15 240.9 7.75
45 5.4 0.01
45 6.1 0.05
45 43.8 0.01
45 98.7 0.18
45 249.7 8.17
64 7.3 0.02
64 7 0.06
64 41.9 0.09
64 83.5 0.12
64 126.2 0.03
64 164.2 1.48
64 203.7 3.52
64 240.2 5.99
100 6.4 0.07
100 4.7 0.08
100 51.4 0.06
100 99.3 0.04
100 115.2 0.02
100 158.3 0.11
100 200.1 0.32
100 225.3 2.03
151 5.5 0.06
151 5.4 0.09
151 24.1 0.09
151 60.5 0.02
151 81 0.02
151 143.2 0.4
151 186 1.8
151 240.7 4.81
181 5.4 0.04
181 32.1 0.01
181 77.9 0.04
181 130.8 0.56
181 159.8 2
181 215.8 6
257 5.4 0.08
257 5.2 0.01
257 63 0.02
257 79.6 0.07
257 89.3 0.04
257 107.2 0.11
257 128.5 0.59
257 176.7 2.49
257 241.5 7.18
286 4.6 0.06
286 51 0.05
286 79.1 0.04
286 96.6 0.06
286 129.2 0.64
286 193.1 3
286 240.6 7.34
325 6.8 0.05
325 81.2 0.03
325 89.7 0.03
325 111.7 0.17
325 156.6 2.12
325 223.2 5.67
350 4 0.01
351 25 0.04
351 117.4 0.05
351 126.5 0.07
351 141.8 0.37
351 205.5 2.31
15 1.25 0.0263535620179027
15 5 0.0209543826058507
15 10 0.0168314365437254
15 15 0.0143183030886576
15 20 0.0175406214548275
15 25 0.0166032764827833
15 30 0.0157061519566923
15 35 0.0456995295826346
15 40 0.0448590012965724
15 45 0.045135302352719
15 50 0.0469507126836106
15 55 0.048535362817347
15 60 0.0499412049539387
15 65 0.044815361732617
15 70 0.0437779847998172
15 75 0.0460446234792471
15 80 0.058328254846856
15 85 0.0560591293033212
15 90 0.0640869198832661
15 95 0.0808097473345697
15 105 0.106377930846065
15 125 0.504162061959505
15 150 1.20581611990929
15 175 2.0189692825079
15 200 2.93596053123474
15 225 4.67010951042175
15 250 6.51779055595398
45 1.25 0.017220722627826
45 5 0.0196181542705745
45 10 0.0171308163553476
45 15 0.0129977063043043
45 20 0.0115156701067463
45 25 0.0135389481438324
45 30 0.013382475473918
45 35 0.0133666385663673
45 40 0.0141395886894315
45 45 0.0156929010991007
45 50 0.018334241816774
45 55 0.0226549420040101
45 60 0.0267298317048699
45 65 0.0259778846520931
45 70 0.0289900142233819
45 75 0.0326133957132697
45 80 0.0363980813417584
45 85 0.039767081849277
45 90 0.053078178782016
45 95 0.0678359041921794
45 105 0.0980001017451286
45 125 0.514148011803627
45 150 1.32254998385906
45 175 2.26135385036469
45 200 3.35074692964554
45 225 4.91484272480011
45 250 6.46470803022385
75 1.25 0.0355452657677233
75 5 0.0321787085849792
75 10 0.0296577834524214
75 15 0.0247716493904591
75 20 0.0232825722778216
75 25 0.0193468007491902
75 30 0.0187264792621136
75 35 0.0265197216067463
75 40 0.0270643820986152
75 45 0.0262004814576358
75 50 0.0272708800621331
75 55 0.0251068582292646
75 60 0.0259567459579557
75 65 0.0278922074940056
75 70 0.0314543170388788
75 75 0.029711744049564
75 80 0.0362684414722025
75 85 0.0363395316526294
75 90 0.0422468087635934
75 95 0.0490921731106937
75 105 0.0693615381605923
75 125 0.452926475554705
75 150 1.3197678476572
75 175 1.95033241808414
75 200 3.36678427457809
75 225 4.82701641321182
75 250 6.3945118188858
105 1.25 0.0134429376921616
105 5 0.0257685247343034
105 10 0.0273297799285501
105 15 0.0193562146741897
105 20 0.0200401919428259
105 25 0.0190812794025987
105 30 0.0222229398787022
105 35 0.0231433704029769
105 40 0.0202021016739309
105 45 0.0145301978336647
105 50 0.0135222246171907
105 55 0.0164186859037727
105 60 0.0253938192036003
105 65 0.0295939191710204
105 70 0.0342463748529553
105 75 0.0408454195130616
105 80 0.0397522784769535
105 85 0.0338051244616508
105 90 0.0292615324724466
105 95 0.0600670552812517
105 105 0.0783843282843009
105 125 0.480017133057117
105 150 1.26477616280317
105 175 2.20110182464123
105 200 3.33377411961555
105 225 4.81904721260071
105 250 6.67633843421936
135 1.25 0.0467882128432393
135 5 0.0474634587299079
135 10 0.0237964870175347
135 15 0.0227415687404573
135 20 0.0234999150270596
135 25 0.0268503384431824
135 30 0.0233894877601415
135 35 0.0214988150401041
135 40 0.0224267842713743
135 45 0.0235470796469599
135 50 0.0309122062753886
135 55 0.0402270324993879
135 60 0.0366961234249175
135 65 0.0437955898232758
135 70 0.0395437921397388
135 75 0.0422135512344539
135 80 0.0446583293378353
135 85 0.0496519999578595
135 90 0.0610967455431819
135 95 0.0648017891217023
135 105 0.0725335648749024
135 125 0.273085803724825
135 150 0.95095457136631
135 175 1.84865039587021
135 200 2.8510774075985
135 225 4.31412079930305
135 250 5.85587292909622
165 1.25 0.0142412560526282
165 5 0.0128649587277323
165 10 0.0147119206376374
165 15 0.0185003512888215
165 20 0.0189841408864595
165 25 0.0210344549559522
165 30 0.0182353132986464
165 35 0.0157298445701599
165 40 0.0176915650372393
165 45 0.0249856892041862
165 50 0.0224225653801113
165 55 0.0294177194591612
165 60 0.0296289104735479
165 65 0.0297474924009293
165 70 0.0268435252364725
165 75 0.0274210802745074
165 80 0.0258884449722245
165 85 0.0252570915035903
165 90 0.0267839261796325
165 95 0.0248845928072114
165 105 0.0219888022402301
165 125 0.259539776481688
165 150 0.930710516870022
165 175 1.75478175282478
165 200 2.81133151054382
165 225 5.14398580789566
165 250 6.58804601430893
195 1.25 0.0133613031357527
195 5 0.00857648148667067
195 10 0.0128722401568666
195 15 0.0116493152454495
195 20 0.0107136315782554
195 25 0.0109380777576007
195 30 0.0107653851737268
195 35 0.0114884327631444
195 40 0.0107759271049872
195 45 0.0119109558872879
195 50 0.00991146999876946
195 55 0.0129868265939876
195 60 0.0117451203987002
195 65 0.0124468504218385
195 70 0.0142966279527172
195 75 0.0151234627701342
195 80 0.0145642792340368
195 85 0.0181038768496364
195 90 0.035375960636884
195 95 0.0531167616136372
195 105 0.0733087039552629
195 125 0.506405621767044
195 150 1.38983902335167
195 175 2.27720442414284
195 200 3.3398449420929
195 225 4.56610363721848
195 250 6.37876164913177
225 1.25 0.0302491454640403
225 5 0.0314200734719634
225 10 0.034689980559051
225 15 0.0360018666833639
225 20 0.0434593935497105
225 25 0.0389260244555771
225 30 0.0388291899580508
225 35 0.0405080649070442
225 40 0.0411221366375685
225 45 0.0443184375762939
225 50 0.0401747850701213
225 55 0.0470549394376576
225 60 0.0415390720590949
225 65 0.0379091803915799
225 70 0.0376297682523727
225 75 0.0497121498920023
225 80 0.0469212862662971
225 85 0.0446848697029054
225 90 0.0398694784380496
225 95 0.0597603586502373
225 105 0.0860092949587852
225 125 0.532599706202745
225 150 1.44194950163364
225 175 2.45723965764046
225 200 3.61550426483154
225 225 5.13221871852875
225 250 7.36675846576691
255 1.25 0.0292464813683182
255 5 0.0353298878762871
255 10 0.0390990111045539
255 15 0.0262087557930499
255 20 0.0273020747117698
255 25 0.0249141413951293
255 30 0.021766000543721
255 35 0.022662858478725
255 40 0.0244754359591752
255 45 0.0251534627750516
255 50 0.0241795377805829
255 55 0.025999695295468
255 60 0.0245626245159656
255 65 0.0216027698479593
255 70 0.0266197591554374
255 75 0.0288828772027045
255 80 0.0322399423457682
255 85 0.0365439916495234
255 90 0.0459965211339295
255 95 0.0647052424028516
255 105 0.0628967417869717
255 125 0.327630103565753
255 150 1.31628385186195
255 175 1.89873692393303
255 200 3.75337558984756
255 225 4.51967459917068
255 250 6.31112062931061
285 1.25 0.013520518084988
285 5 0.00801682675955817
285 10 0.0144502791808918
285 15 0.0141225719125941
285 20 0.0160424375208095
285 25 0.0144587698159739
285 30 0.012903634342365
285 35 0.0128745386609808
285 40 0.0116511083906516
285 45 0.0111223567510024
285 50 0.0106581560685299
285 55 0.0130106162978336
285 60 0.0131112431699876
285 65 0.0145359570451546
285 70 0.016234812035691
285 75 0.0185375780565664
285 80 0.0200202406849712
285 85 0.0211321210954338
285 90 0.026137568987906
285 95 0.0331319239921868
285 105 0.0444655341561884
285 125 0.403854206204414
285 150 1.18829084932804
285 175 2.06932310760021
285 200 3.57915824651718
285 225 4.98570215702057
285 250 6.68825173377991
315 1.25 0.0113242638180964
315 5 0.0103437046636827
315 10 0.0220056639518589
315 15 0.0228804848156869
315 20 0.0191025421954691
315 25 0.0197648415341973
315 30 0.0174235753947869
315 35 0.0144359080586582
315 40 0.0114318703417666
315 45 0.011041532154195
315 50 0.0202119803288952
315 55 0.0227861278690398
315 60 0.0162177139427513
315 65 0.0183910133782774
315 70 0.0222567109158263
315 75 0.0249797331634909
315 80 0.0254072602838278
315 85 0.0280713834799826
315 90 0.0282265502028167
315 95 0.0236370323691517
315 105 0.0567812789231539
315 125 0.57661309838295
315 150 1.26162968575954
315 175 2.29875934123993
315 200 3.54570040106773
315 225 4.91165810823441
315 250 6.49564409255981
345 1.25 0.0206734805833548
345 5 0.0163879146566615
345 10 0.0212008156813681
345 15 0.0211425840388983
345 20 0.0222454550676048
345 25 0.0224640120286494
345 30 0.0211242877412587
345 35 0.0242181753274053
345 40 0.0241944608278573
345 45 0.0269419883843511
345 50 0.0288812865037471
345 55 0.033488999819383
345 60 0.0343868993222713
345 65 0.0272092998493463
345 70 0.0252123679965734
345 75 0.0410582376644015
345 80 0.0481300130486488
345 85 0.0564153655432165
345 90 0.0702282162383199
345 95 0.0837101191282272
345 105 0.11282803863287
345 125 0.59449964761734
345 150 1.34938295185566
345 175 2.40649557113647
345 200 3.89149111509323
345 225 4.81818795204163
345 250 6.91962844133377
