"Depth" "M1" "M2" "M3" "M4" "M5" "M6" "M7" "M8" "M9" "M10" "M11" "M12"
-3490.63514945479 -4.98769403316876e-05 2.40501051152937e-05 2.64426812496687e-05 4.49436445785311e-05 3.43946789172667e-05 1.40894159991174e-05 2.63684597426114e-06 5.31990075257398e-06 1.15550005735183e-07 -4.70132880759464e-06 -1.58602705285984e-05 -1.35418771256373e-05
-3006.66107836959 -3.98980644636267e-05 1.62921501727106e-05 -6.9407402482733e-06 4.68702403151557e-05 1.80338956801861e-05 1.14598564833272e-05 8.39308331675903e-06 1.27304972148809e-06 -4.26484287083359e-07 -3.82909535686545e-06 -2.76969614856164e-05 -1.61582939588916e-05
-2590.03003470508 -3.15269343966226e-05 1.01733267312816e-05 -1.73650392044022e-05 3.59021565505094e-05 1.44549326931966e-05 2.41971366195352e-06 2.73130130888769e-06 -5.42992037508309e-06 -2.49400786347014e-06 -5.426041173967e-06 -3.26339487817067e-05 -1.59223130584304e-05
-2231.36111219664 -2.24975385988799e-05 6.0112180920954e-06 -1.69480168386564e-05 2.74680696896922e-05 5.39368461613761e-06 -4.02409825383232e-06 -1.6785519912052e-06 -8.5362655648696e-06 -4.67490307431044e-06 -7.18392181892045e-06 -3.09455351292916e-05 -1.54715571200471e-05
-1922.58059449914 -1.58422410631799e-05 3.63501880986989e-06 -1.21350694109956e-05 2.06931023523482e-05 -3.43872969809394e-06 -7.69938351429673e-06 -2.42808043423181e-06 -1.00386177350441e-05 -6.92408370298221e-06 -6.06304405706536e-06 -2.55316515586294e-05 -1.30529732517478e-05
-1656.73932680425 -1.05362566795663e-05 9.99253573110871e-07 -8.97265745089739e-06 1.37654364618966e-05 -1.01846972241532e-05 -1.01061975494311e-05 -1.49338687861626e-06 -1.11547395900285e-05 -7.75949869979502e-06 -3.99960587082802e-06 -1.94729203252012e-05 -1.06337696320949e-05
-1427.85571982878 -8.58987778150829e-06 -3.51623611513951e-06 -9.04350604051094e-06 6.11032287592861e-06 -1.41046250398016e-05 -1.17553942794493e-05 -1.56728803954212e-06 -1.06495615287579e-05 -7.95334029220015e-06 -8.55464236497797e-07 -1.39834448674875e-05 -9.2077339717084e-06
-1230.78162855375 -1.07386133772889e-05 -8.32160397830773e-06 -1.14721447073257e-05 -2.95175018069316e-07 -1.61099032183547e-05 -1.2740580920091e-05 -2.12056030188785e-06 -8.90078209993705e-06 -7.19980962845954e-06 2.7569300607677e-06 -8.95178269109446e-06 -8.85903785222614e-06
-1061.0857180987 -1.5877956987762e-05 -9.37305273324169e-06 -1.21530358347291e-05 -5.24113342623817e-06 -1.65814534816293e-05 -1.09458641175533e-05 -8.00097506983125e-07 -6.92715295391021e-06 -6.77245002777928e-06 5.37077260682468e-06 -5.01514053997133e-06 -8.79674282720227e-06
-914.954012043134 -2.08544003972826e-05 -5.63877140585353e-06 -9.66400911998003e-06 -6.54566651568843e-06 -1.41831646180544e-05 -5.52874352786374e-06 3.24343188071434e-06 -6.51279725766222e-06 -8.16316711671695e-06 6.46040595627972e-06 -1.70737419644705e-06 -7.98497993569125e-06
-789.103653133231 -2.22063931152752e-05 -1.35697199594422e-06 -6.07755059530812e-06 -4.05602920228845e-06 -1.00917236421362e-05 1.04306171675516e-07 6.65190634254332e-06 -7.74984747546295e-06 -1.01333672625633e-05 7.2514544987262e-06 7.92361544677679e-07 -6.52782585409317e-06
-680.708916729098 -1.90459068160132e-05 1.30132607401349e-06 -3.85454290191193e-06 -1.94162777079111e-06 -6.83954558492268e-06 2.32445347515175e-06 8.05996017512186e-06 -8.30031900561198e-06 -1.01642051592943e-05 8.87744809194548e-06 2.66529425547841e-06 -5.20376113825171e-06
-587.337667095683 -1.33339998434431e-05 3.86077432162262e-06 -3.03024165544916e-06 -3.70696472014226e-07 -4.96282120647195e-06 4.00918958799076e-06 6.52962043697557e-06 -5.61088084018952e-06 -6.59203306636177e-06 1.058199504214e-05 3.44851388181909e-06 -4.67472202133047e-06
-506.896325326868 -7.28211511421814e-06 2.98972095829161e-06 -2.68195800959169e-06 9.31500670855885e-07 -3.22994718970186e-06 4.69977581597179e-06 3.73410944347158e-06 -2.76099967944404e-06 -4.6529082966792e-06 1.02014722389492e-05 2.7982664065739e-06 -5.35951802677501e-06
-437.582904843136 -4.05302814706818e-06 2.24283369261743e-06 -1.99094567266082e-06 3.25698769767993e-07 -2.3433793871122e-06 4.06385436897844e-06 3.52017522387206e-06 -1.38188311267092e-06 -4.41248594610059e-06 8.45661128846411e-06 8.62184594090226e-07 -6.80123591826717e-06
-377.84615134575 -4.00899391717828e-06 2.46042306483536e-06 -1.32735143541159e-06 -7.79170887046843e-07 -2.47886911824808e-06 2.28196495252305e-06 4.21918158145496e-06 -8.8296480596481e-07 -4.45871627351948e-06 7.04146149678719e-06 5.28219125880264e-07 -6.86210434968338e-06
-326.350719558048 -4.90441626772667e-06 1.54162132507132e-06 -1.54188185575163e-06 -1.32299135069097e-06 -3.41256730545967e-06 -4.3298799302599e-07 2.87248141366945e-06 -6.26223893104103e-07 -4.43056883929522e-06 5.45428383125526e-06 9.82547146781414e-07 -5.90808929564164e-06
-281.947106467337 -5.14653884535987e-06 2.57376371588441e-07 -1.52186954070841e-06 -1.26067611784835e-06 -3.88465753010489e-06 -2.97161862755388e-06 1.14176291789582e-06 -3.41752589243905e-07 -3.53033839393874e-06 3.44896233647683e-06 4.58927742924511e-07 -4.26452662336061e-06
-243.645608448838 -4.4880546611631e-06 -3.41144825671768e-07 -1.367944599447e-06 -2.83394273527876e-07 -3.64429699156042e-06 -4.36637965641139e-06 -1.73514635212219e-07 -7.4455833739276e-08 -2.34406398954317e-06 1.49357142319751e-06 -6.23457751078953e-07 -2.57730286042517e-06
-210.594081205922 -3.52210942053953e-06 -7.08250647595531e-07 -1.16017587297448e-06 1.08155256676499e-06 -2.65611335821987e-06 -4.7859703495503e-06 -9.06801545080283e-07 7.49596235407307e-08 -1.24444836105879e-06 5.85337637755684e-08 -1.52607808952377e-06 -1.1429530277948e-06
-182.058765875717 -2.50676577582793e-06 -9.41064737488828e-07 -9.14394767978233e-07 2.37665505182448e-06 -1.2685486298503e-06 -4.33530383141099e-06 -1.37930115615154e-06 1.52321394544733e-07 -1.77479620438576e-07 -1.12662979304447e-06 -2.0879664390435e-06 -3.48236956824015e-07
-157.40766823905 -1.73876775948827e-06 -7.88370592489894e-07 -8.98157968528467e-07 3.5636109773591e-06 -2.99482335202591e-08 -3.61307442287117e-06 -1.61690575931441e-06 2.12725656720941e-07 5.49746116574535e-07 -1.61282416157202e-06 -2.19282233077932e-06 -2.73304049138569e-07
-136.096377293567 -1.36726760372508e-06 -3.77659571371438e-07 -6.66484862245598e-07 4.81786038605862e-06 8.5354612093537e-07 -3.11102194162928e-06 -1.64957042561186e-06 1.05180683208105e-07 9.47683140511528e-07 -1.80971882334121e-06 -2.10562368971047e-06 -8.01195449744761e-07
-117.655755800679 -9.90930999654881e-07 -6.44348164911989e-07 -7.22087311628549e-07 6.24628899113366e-06 1.36177453636515e-06 -2.99798839660003e-06 -1.49259873808794e-06 -1.78789227424438e-07 9.93642019600854e-07 -1.60311684591721e-06 -1.89830024132692e-06 -1.19523698537842e-06
-101.681376548202 -7.54374578391196e-07 -1.44433804072464e-06 -1.04356001276787e-06 7.33032042388305e-06 1.74091147823292e-06 -3.01556296074621e-06 -1.2068626569092e-06 -5.49719526589565e-07 9.93959137901074e-07 -1.30041525998552e-06 -1.7451332233778e-06 -1.0976134172568e-06
-87.8244220100992 -3.00480966302539e-07 -2.29570727444449e-06 -1.42865288185496e-06 7.39386738101961e-06 2.06187144117732e-06 -2.77271307517757e-06 -9.00294251117904e-07 -7.91895485192358e-07 7.73862431915606e-07 -1.03193242846292e-06 -1.38117884512702e-06 -1.26914645570364e-06
-75.7837935550323 1.48311982111112e-06 -3.02830459066084e-06 -2.32010360720813e-06 6.0765721415516e-06 2.12415800978279e-06 -2.37767686526377e-06 -6.7392232976243e-07 -9.71639474690399e-07 6.71668545721356e-07 -4.09583581982157e-07 -1.32541797038887e-06 -1.63868054812394e-06
-65.2993415845942 1.21532769613553e-06 -4.91486564641689e-06 -2.0746824345491e-06 4.71622584897968e-06 1.85690834863296e-06 -2.08307922160238e-06 -6.56608924072954e-07 -9.07224179487551e-07 6.5623569492851e-07 -1.01063580414015e-08 -1.83204850678632e-06 -1.33785147032395e-06
-56.1459921392983 7.76587434266175e-07 -5.16783457000452e-06 -9.86366035222294e-07 4.20468014637849e-06 1.62362513852174e-06 -1.84047594542522e-06 -4.79875144492278e-07 -7.36090735947211e-07 1.40224417891284e-07 1.55973780454908e-07 -2.05060039461647e-06 -2.0274502279845e-08
-48.1286778689293 5.94006323567985e-07 -5.45882452075898e-06 -3.61628153978293e-07 4.65509960209977e-06 1.41177955512351e-06 -1.53848808595838e-06 -1.50932149371797e-07 -8.12159758650456e-07 -3.58457195758066e-07 1.54322100498286e-07 -2.74867359761469e-06 1.15652280175108e-06
-41.0779481392426 3.65095315593686e-07 -5.38980181942855e-06 1.89549241605124e-09 4.99182559524487e-06 1.02416470585432e-06 -1.57319924233172e-06 -2.79402157290355e-07 -1.06147843110444e-06 -4.42449176665258e-07 -5.18853738413986e-07 -2.73750629687279e-06 1.22853762869043e-06
-34.8461284626254 1.50895743062946e-07 -5.09515525981072e-06 2.32743080010195e-07 4.81980577210125e-06 8.67447623413247e-07 -1.65202033618341e-06 -2.21014566003387e-07 -1.09690558029366e-06 7.55031901231953e-07 -3.17402016815206e-07 -2.47379223043444e-06 1.08194578693499e-06
-29.3040127713953 -4.8846156638986e-08 -4.65810475079965e-06 3.75833757794112e-07 4.49534699690758e-06 9.21818811232637e-07 -1.31675386536642e-06 -2.46433418168485e-07 -5.84058948751595e-07 1.52426320971545e-06 -6.01725950291954e-08 -2.16924345807547e-06 8.73616570486459e-07
-24.3379424460497 -2.35713689447076e-07 -4.1328437943991e-06 4.59346432687487e-07 3.94807938481704e-06 1.47041919519487e-06 1.44294706058866e-07 4.46466845266111e-07 2.34520040158132e-07 1.52543771611058e-06 1.4712703590255e-08 -1.84376287492366e-06 6.38394823844918e-07
-19.8472412900008 -4.11067143214295e-07 -3.55318381236046e-06 5.00535289533291e-07 3.31014100693932e-06 1.90504510228412e-06 1.20824777743958e-06 7.75934492482584e-07 4.9640405636491e-07 1.37787558605757e-06 5.72589162275431e-08 -1.51407048297511e-06 3.93137576974381e-07
-15.741948983198 -5.76175458278777e-07 -2.9387722832139e-06 5.09980468668438e-07 2.67798524838144e-06 1.73364619920222e-06 1.20134475152206e-06 7.23283092662765e-07 6.16356448959707e-07 1.18463800923786e-06 9.00158831167257e-08 -1.18782411333889e-06 1.46054425044768e-07
-11.9407960400703 -7.32191246749828e-07 -2.29924880419374e-06 4.93686764067912e-07 2.07459819921281e-06 1.39709245954738e-06 9.98852781454307e-07 6.12891848090944e-07 6.36978947459491e-07 9.74646080913417e-07 1.17655768215717e-07 -8.67669401128411e-07 -9.91399526610856e-08
-8.36936551992132 -8.80011215031841e-07 -1.63689954629632e-06 4.53809066840307e-07 1.50342100058296e-06 1.03144244155093e-06 7.57382930878216e-07 4.90158001152307e-07 5.89025784044701e-07 7.60728648974667e-07 1.42092218092163e-07 -5.5358824066733e-07 -3.41121208725371e-07
-4.95842175368415 -1.01943620450632e-06 -9.48423774055343e-07 3.86301949510127e-07 9.58863379566917e-07 6.84972691412329e-07 5.26794710476118e-07 3.75949242480711e-07 4.89543920403754e-07 5.49645731048361e-07 1.62857418430637e-07 -2.44829519986476e-07 -5.79318288568546e-07
-1.64234504453429 -1.14711231384615e-06 -2.17103767866282e-07 2.97810409461584e-07 4.52143348209165e-07 3.81794420006987e-07 3.30916402206255e-07 2.81657002029602e-07 3.45079031525598e-07 3.49687140754389e-07 1.86026471689938e-07 6.25092312069877e-08 -8.10994358653132e-07
