"DOY" "Depth" "NPP"
210 5 4.21
210 25 5.255
210 45 6.295
210 75 3.955
210 100 3.315
210 125 0.935
210 150 0.325
210 175 0.3
265 2 4.25
265 10 5.54
265 45 5.67
265 75 1.01
265 100 3.16
265 125 0.82
265 150 0.25
265 175 0.245
291 5 5.475
291 20 3.92
291 45 6.785
291 80 3.845
291 100 1.29
291 120 0.425
291 160 0.2
291 175 0.17
332 2 2.27
332 10 2.67
332 20 5.87
332 45 2.895
332 65 3.995
332 95 2.19
332 110 0.695
332 140 0.19
5 2 4.68
5 10 4.59
5 40 3.97
5 80 1.95
5 95 1.675
5 120 0.81
5 145 0.255
5 175 0.215
46 4 2.62
46 10 5.73
46 30 3.31
46 70 3.455
46 88 2.63
46 115 0.83
46 135 0.43
78 5 4.203
78 25 3.643
78 45 4.663
78 75 4.84
78 100 3.497
78 125 1.723
78 150 0.283
78 175 0.133
103 2 3.18
103 10 1.11
103 40 2.59
103 80 1.985
103 95 4.71
103 120 2.02
103 145 0.895
103 175 0.17
129 5 6.49
129 25 3
129 45 5.62
129 75 3.045
129 100 4.765
129 125 1.13
129 150 0.2
129 175 0.13
164 5 3.507
164 25 1.53
164 45 1.47
164 75 2.57
164 100 4.303
164 125 0.673
164 150 0.144
164 175 0.133
206 5 2.13
206 25 1.6
206 45 4.397
206 75 3.437
206 100 3.356
206 125 0.463
206 150 0.233
352 5 5.154
352 25 4.883
352 45 3.26
352 75 1.246
352 100 0.974
352 125 0.243
352 150 0.108
35 5 5.803
35 25 5.546
35 75 2.673
35 100 1.017
35 125 0.583
35 150 0.094
35 175 0.053
100 5 5.137
100 25 6.76
100 45 5.223
100 75 2.996
100 100 1.653
100 125 0.78
100 150 0.15
100 175 0.073
128 5 11.522
128 25 10.887
128 45 7.46
128 75 4.39
128 100 2.328
128 125 1.747
128 150 0.35
128 175 0.102
156 5 6.413
156 25 8.658
156 45 7.153
156 75 3.313
156 100 1.574
156 125 0.833
156 150 0.227
156 175 0.095
191 5 4.684
191 25 6.53
191 45 4.397
191 75 3.644
191 100 2.01
191 125 0.896
191 150 0.166
191 175 0.128
222 5 7.104
222 25 6.844
222 45 5.625
222 75 3.28
222 100 1.35
222 125 0.777
222 150 0.153
222 175 0.107
261 5 7.658
261 25 8.004
261 45 6.103
261 75 3.687
261 100 1.52
261 125 0.593
261 150 0.104
261 175 0.184
294 5 9.75
294 25 6.583
294 45 5.42
294 75 2.724
294 100 0.973
294 125 0.247
294 150 0.083
294 175 0.272
340 5 5.214
340 25 5.51
340 45 4.3
340 75 1.937
340 100 0.793
340 125 0.217
340 150 0.08
5 5 7.947
5 25 6.147
5 45 5.047
5 75 1.687
5 100 0.602
5 125 0.16
5 150 0.085
5 175 0.07
45 5 12.433
45 25 10.953
45 45 8.162
45 75 2.94
45 100 1.217
45 125 0.66
45 150 0.2
45 175 0.1
65 5 6.617
65 25 7.69
65 45 6.207
65 75 4.02
65 100 0.584
65 125 0.84
65 150 0.2
65 175 0.07
108 5 6.714
108 25 5.83
108 45 4.403
108 75 3.666
108 100 1.95
108 125 0.783
108 150 0.153
161 5 8.527
161 25 8.366
161 45 7.14
161 75 4
161 100 2.283
161 125 1.69
161 150 0.303
187 5 4.2
187 25 6.223
187 45 2.82
187 75 4.137
187 100 2.37
187 125 1.01
187 150 0.193
187 175 0.087
218 5 6.096
218 25 6.627
218 45 5.333
218 75 2.827
218 100 2.196
218 125 0.336
218 150 0.1
218 175 0.07
266 5 5.966
266 25 6.46
266 45 5.537
266 75 2.88
266 100 2.366
266 125 0.47
266 150 0.107
266 175 0.077
293 5 7.963
293 25 7.41
293 45 6.257
293 75 3.693
293 100 0.837
293 150 0.094
293 175 0.053
20 5 4.46
20 25 5.824
20 45 5.227
20 75 2.584
20 100 1
20 125 0.397
20 150 0.174
20 175 0.113
48 5 6.524
48 25 4.58
48 45 4.257
48 75 0.604
48 100 1.136
48 125 0.364
48 150 0.126
48 175 0.063
105 5 6.297
105 25 5.666
105 45 4.89
105 75 3.48
105 100 3.83
105 125 0.336
105 150 0.414
105 175 0.404
140 5 7.486
140 25 7.87
140 45 6.726
140 75 5.86
140 100 2.576
140 125 1.453
140 150 0.446
140 175 0.287
257 5 8.174
257 25 7.77
257 45 5.444
257 75 3.187
257 100 1.366
257 125 0.58
257 150 0.383
257 175 0.39
302 5 3.894
302 25 3.05
302 45 1.88
302 75 1.35
302 100 0.973
302 125 0.294
302 150 0.177
302 175 0.104
20 5 5.036
20 25 5.04
20 45 2.9
20 75 1.616
20 100 1.023
20 125 0.25
20 150 0.22
20 175 0.186
48 5 8.53
48 25 3.737
48 45 3.09
48 75 0.907
48 100 0.436
48 125 0.2
48 150 0.14
48 175 0.067
68 5 7.327
68 25 6.53
68 45 4.163
68 75 2.913
68 100 1.436
68 125 0.66
68 150 0.38
68 175 0.146
170 5 7.726
170 25 4.957
170 45 3.97
170 75 2.644
170 100 2.407
170 125 0.923
170 150 0.514
170 175 0.15
206 5 8.66
206 25 7.313
206 45 7.776
206 75 3.15
206 100 1.157
206 125 0.32
206 150 0.1
206 175 0.063
242 5 8.093
242 25 6.344
242 45 6.396
242 75 3.437
242 100 1.573
242 125 0.563
242 150 0.127
242 175 0.113
266 5 5.7
266 25 5.856
266 45 4.583
266 75 2.93
266 100 1.766
266 125 0.423
266 150 0.104
266 175 0.104
288 5 5.283
288 25 4.466
288 45 4.573
288 75 1.49
288 100 0.877
288 125 0.39
288 150 0.11
288 175 0.083
38 5 5.383
38 25 5.473
38 45 4.39
38 75 2.62
38 100 0.96
38 125 0.667
38 150 0.236
63 5 7.75
63 25 6.643
63 45 4.994
63 75 2.196
63 100 1.582
63 125 0.29
63 150 0.127
96 5 7.563
96 25 6.56
96 45 4.226
96 75 3.357
96 100 1.685
96 125 0.73
96 150 0.18
96 175 0.094
127 5 15.386
127 25 13.006
127 45 6.726
127 75 5.994
127 100 3.922
127 125 1.284
127 150 0.317
127 175 0.107
211 5 9.397
211 25 6.517
211 45 7.364
211 75 4.337
211 100 4.27
211 125 1.027
211 150 0.22
211 175 0.2
241 5 9.173
241 25 6.793
241 45 3.727
241 100 1.763
241 125 0.537
241 150 0.084
270 5 6.802
270 25 5.91
270 45 5.188
270 75 2.963
270 100 1.168
270 125 0.173
270 150 0.155
270 175 0.088
300 5 7.432
300 25 5.977
300 45 5.19
300 75 1.84
300 100 1.26
300 125 0.393
300 150 0.177
300 175 0.045
321 5 7.326
321 25 5.547
321 45 4.868
321 75 2.482
321 100 1.085
321 125 0.127
321 150 0.098
321 175 0.075
17 5 5.243
17 25 4.91
17 45 3.483
17 75 0.972
17 100 0.857
17 125 0.203
17 150 0.093
87 5 7.368
87 25 6.84
87 45 6.83
87 75 1.732
87 100 1.27
87 125 0.937
87 150 0.153
87 175 0.153
115 5 6.997
115 25 7.074
115 45 5.666
115 75 0.51
115 100 1.907
115 125 1.283
143 5 9.03
143 25 7.927
143 45 5.89
143 75 2.307
143 100 2.29
143 125 0.853
143 150 0.42
178 5 8.67
178 25 7.744
178 45 6.453
178 75 0.916
178 100 2.2
178 125 0.72
178 150 0.43
209 5 9.127
209 25 7.867
209 45 5.253
209 75 2.01
209 100 0.997
209 125 0.41
209 150 0.183
209 175 0.13
234 5 10.32
234 25 9.34
234 45 9.017
234 75 0.647
234 100 1.9
234 125 0.696
234 150 0.174
234 175 0.153
276 5 10.787
276 25 9.59
276 45 5.57
276 75 3.56
276 125 0.343
276 150 0.173
304 5 6.076
304 25 4.01
304 45 1.717
304 75 2.877
304 100 0.936
304 125 0.247
304 150 0.103
304 175 0.04
346 5 4.8
346 25 6.37
346 45 4.017
346 75 1.13
346 100 1.017
346 125 0.35
346 150 0.213
8 5 6.556
8 25 4.563
8 45 0.96
8 75 3.15
8 100 0.93
8 125 0.323
8 150 0.24
8 175 0.086
49 5 6.44
49 25 5.11
49 45 2.736
49 75 3.77
49 100 2.444
49 125 0.87
49 175 0.17
71 5 7.103
71 25 1.7
71 45 5.036
71 75 2.974
71 100 2.72
71 125 0.637
71 150 0.177
99 5 3.015
99 25 1.804
99 45 2.082
99 75 2.953
99 100 1.223
99 125 0.127
99 150 0.097
99 175 0.09
127 5 4.98
127 25 5.39
127 45 8.052
127 75 2.662
127 100 4.915
127 125 1.335
127 150 0.215
127 175 0.04
155 5 9.046
155 25 8.327
155 45 5.55
155 75 2.573
155 100 2.153
155 125 1.204
155 150 0.286
155 175 0.07
190 5 4.095
190 25 7.035
190 45 4.255
190 75 2.415
190 100 1.62
190 125 0.605
190 150 0.145
214 5 3.763
214 25 7.146
214 45 6.274
214 75 2.57
214 100 1.966
214 125 0.663
214 150 0.18
214 175 0.178
268 5 6.1
268 25 6.673
268 45 4.686
268 75 2.84
268 100 1.443
268 125 0.747
268 150 0.25
11 5 5.62
11 25 5.517
11 45 3.207
11 75 3.163
11 100 0.924
11 125 0.29
11 150 0.077
11 175 0.113
50 5 5.338
50 25 5.054
50 45 4.363
50 75 3.53
50 100 2.516
50 125 0.537
77 5 7.933
77 25 6.64
77 45 5.73
77 75 4.197
77 100 2.37
77 125 0.64
77 150 0.294
77 175 0.19
105 5 7.123
105 25 6.73
105 45 6.71
105 75 3.58
105 100 3.73
105 125 0.668
105 150 0.41
133 5 7.677
133 25 6.737
133 45 7.49
133 75 4.692
133 100 2.75
133 125 1.183
133 150 0.367
133 175 0.223
168 5 6.58
168 25 7.593
168 45 7.242
168 75 5.143
168 100 3.126
168 125 1.354
168 150 0.437
168 175 0.14
196 5 9.163
196 25 8.713
196 45 7.027
196 75 4.24
196 100 2.534
196 125 1.19
196 150 0.23
196 175 0.08
222 5 12.984
222 25 10.916
222 45 4.567
222 75 1.978
222 100 1.247
222 125 0.526
222 150 0.277
222 175 0.187
271 4.9 5.205
271 25.1 5.295
271 45.5 4.195
271 74.5 3.935
271 100.4 1.465
271 124.9 0.55
271 151 0.265
271 177.4 0.09
271 5 4.64
271 25 4.8
271 45 4.32
271 75 3.26
271 100 1.335
271 125 0.54
271 150 0.2
271 175 0.11
292 5.7 6.19
292 25.1 5.395
292 45.5 4.28
292 75.4 3.24
292 100.3 1.405
292 125.4 0.27
292 150 0.13
292 175.3 0.07
292 5 4.835
292 25 5.595
292 45 4.835
292 75 3.81
292 100 1.315
292 125 0.525
292 150 0.145
292 175 0.14
315 5 6.19
315 24.6 5.64
315 43.9 3.29
315 75.2 2.235
315 100.2 0.65
315 125.1 0.21
315 149.7 0.105
315 175.4 0.095
315 5 7.14
315 25 6.13
315 45 4.12
315 75 2.095
315 100 0.65
315 125 0.235
315 150 0.1
343 5.2 4.005
343 25.5 2.328
343 46.6 1.445
343 74.9 0.625
343 100.1 0.3
343 126.5 0.15
343 150.9 0.2
343 175.2 0.125
343 5 5.105
343 25 1.965
343 45 1.84
343 75 0.56
343 100 0.26
343 125 0.195
13 4.4 7.175
13 25.7 7.355
13 46.2 5.005
13 75.9 1.855
13 100.6 0.4
13 125.4 0.265
13 150.2 0.11
13 175.6 0.06
13 5 7.875
13 25 6.175
13 45 4.625
13 75 1.645
13 100 0.73
13 125 0.325
13 150 0.12
49 5 6.41
49 25 5.12
49 45 3.45
49 75 3.63
49 100 1.385
49 125 0.51
49 150 0.17
49 175 0.05
76 5 6.403
76 25 6.327
76 45 6.514
76 75 4.322
76 100 2.967
76 125 0.5
76 150 0.24
76 175 0.09
104 5 6.504
104 25 7.19
104 45 7.254
104 75 4.65
104 100 2.327
104 125 1.293
104 150 0.43
130 5 10.107
130 25 8.456
130 45 6.103
130 75 5.35
130 100 1.46
130 125 0.37
195 5 6.024
195 25 5.857
195 45 5.15
195 75 3.963
195 100 2.565
195 125 1.17
195 150 0.326
195 175 0.137
226 5 9.663
226 25 9.394
226 45 9.47
226 75 4.423
226 100 1.716
226 125 0.32
226 150 0.187
288 5 7.605
288 25 6.503
288 45 5.85
288 75 4.373
288 100 2.487
288 125 0.633
288 150 0.183
313 5 6.846
313 25 5.775
313 45 5.235
313 75 2.447
313 100 0.59
313 125 0.477
313 150 0.19
349 5 5.996
349 25 6.47
349 45 5.314
349 75 2.046
349 100 1.04
349 125 0.36
349 150 0.22
349 175 0.2
34 24.3 3.77
34 45 4.22
34 5 5.353
34 25 4.443
34 45 3.61
34 75 2.176
34 100 1.114
34 125 0.59
34 150 0.213
34 175 0.11
61 24 6.907
61 44.7 6.273
61 5 7.007
61 25 7.696
61 45 6.653
61 75 4.126
61 100 2.52
61 125 1
61 150 0.2
61 175 0.103
89 25.2 5.567
89 45.2 4.857
89 5 6.053
89 25 6.117
89 45 5.197
89 75 3.146
89 100 1.21
89 125 1.15
89 150 0.26
89 175 0.117
117 24.9 9.167
117 45.4 7.913
117 5 9.482
117 25 8.52
117 45 6.582
117 75 4.753
117 100 2.596
117 125 0.15
117 150 0.257
117 175 0.593
146 5.2 5.547
146 24.7 5.622
146 45 4.423
146 74.5 3.247
146 99.1 2.113
146 125.1 1.226
146 150.3 0.414
146 175.3 0.14
146 25 5.11
146 45 5.265
173 5 25.52
173 24.6 27.53
173 45.4 3.735
173 75.6 1.563
173 99.7 1.442
173 124.9 0.923
173 149.8 0.552
173 174.5 0.117
173 25 20.225
173 45 6.005
208 4.6 16.263
208 24.8 15.532
208 44.3 9.266
208 74.2 2.835
208 100 1.314
208 125.5 0.584
208 149.3 0.244
208 173.9 0.092
236 4.9 7.65
236 25 8.203
236 44.9 8.17
236 74.1 5.468
236 98.8 2.597
236 125.1 0.696
236 149.5 0.12
236 177.1 0.045
236 25 5.775
236 45 6.655
292 4.7 4.917
292 24.9 4.423
292 45 3.8
292 74.1 2.375
292 98.9 1.357
292 125.3 0.27
335 4.7 7.557
335 25.1 6.713
335 44.9 5.033
335 74.4 4.265
335 99.1 0.923
335 123.9 0.23
355 5 4.15
355 24.3 3.473
355 43.1 2.303
355 73.7 1.38
355 100.4 0.82
355 122.2 0.347
17 3.7 5.983
17 23.4 6.407
17 44 4.427
17 73.5 4.57
17 99.5 1.813
17 123.4 0.37
81 3.9 3.887
81 23.8 3.293
81 44 4.717
81 75.4 3.165
81 98.9 0.9
81 123.7 0.497
108 3.9 7.16
108 23.6 7.45
108 43.3 6.693
108 73.8 4.783
108 98.7 3.223
108 123.4 1.7
137 4.8 8.073
137 24.7 7.687
137 44.8 5.56
137 74.5 2.37
137 98.8 1.99
137 124.1 1.19
165 3.9 6.12
165 23.5 6.083
165 44.1 5.757
165 73.4 4.573
165 99.4 2.453
165 122.7 1.637
192 4.3 6.883
192 23.7 8.987
192 44.7 5.17
192 73.9 5.5
192 100.2 2.29
192 123.7 0.75
220 4.7 6.123
220 24.9 6.107
220 44.8 5.45
220 75.6 3.383
220 99.1 2.39
220 124.9 0.39
275 4.9 8.48
275 25.8 9.517
275 45.1 6.15
275 74.1 3.823
275 100.9 1.877
275 124.5 0.557
296 4.8 8.097
296 24.7 9.01
296 45.3 7.26
296 75.1 2.93
296 100.4 0.66
296 124.7 0.193
321 4.1 8.347
321 24.4 6.497
321 44.1 4.63
321 74.5 2.81
321 99.4 0.76
321 124.3 0.19
16 4.4 5.82
16 23.6 4.487
16 44.5 4.4
16 74.1 1.087
16 98.8 1.19
16 124.4 0.437
52 4 7.43
52 24.3 6.613
52 44.7 5.137
52 74 4.053
52 100.7 3.11
52 125.6 0.5
72 4.1 8.06
72 24.2 7.743
72 44 9.043
72 74.5 4.843
72 98.1 3.957
72 123.7 1.59
141 4.1 8.18
141 24 7.727
141 43.5 7.287
141 73.6 5.05
141 99 2.67
141 124.1 2.607
240 4.3 8.75
240 25.1 9.253
240 45 7.66
240 75.7 5.433
240 100.7 1.62
240 123.9 0.68
280 4.8 8.41
280 25 7.367
280 44.4 6.28
280 75.4 4.233
280 100.1 1.99
280 126 0.633
308 4.7 7.727
308 25 7.727
308 45.2 6.663
308 75.4 3.823
308 99.5 1.82
308 126.2 1.32
329 4.9 6.81
329 25.3 5.12
329 44.5 4.427
329 74.9 2.39
329 100.7 2.073
329 126.4 0.903
353 3.5 6.39
353 25 3.85
353 45.5 4.06
353 75.7 2.2
353 99.1 1.853
353 125.3 0.76
17 4.1 10.067
17 24.4 7.987
17 45 8.313
17 74.4 4.13
17 99.7 1.533
17 124.8 1.277
57 4.2 6.837
57 24 6.275
57 45.5 5.533
57 74.2 3.147
57 99.2 1.303
57 126.6 1.197
88 9.6 7.837
88 24.6 7.3
88 45.2 6.237
88 74.1 4.183
88 101.5 2.54
88 125.5 1.37
114 4.3 6.533
114 23.8 6.68
114 44.5 5.793
114 74.5 3.493
114 99.2 3.167
114 124.6 1.42
141 24.4 5.13
141 44.6 4.417
141 74.4 3.117
141 100.3 0.973
141 123.9 0.283
171 4.7 6.463
171 23.4 6.403
171 44.6 6.366
171 74.4 4.485
171 99.2 3.077
171 124.3 1.34
201 4.9 7.587
201 24.2 7.253
201 45.5 5.357
201 75.1 4.16
201 99.9 2.853
201 125.2 1.057
233 5.5 7.517
233 25.5 8.163
233 44.2 7.217
233 74 3.987
233 100.7 2.697
233 128.1 0.69
288 4.5 5.43
288 26.9 5.77
288 45 4.053
288 74.6 3.103
288 100.5 1.387
288 123.7 0.573
314 10.1 8.527
314 25 7.69
314 45.4 4.62
314 75.9 2.253
314 103.4 0.99
314 127.8 0.445
354 9.8 5.85
354 25.1 5.683
354 45.6 4.607
354 74.1 1.85
354 100.6 0.997
354 125.4 0.45
22 4.6 5.32
22 23.9 4.643
22 44.9 2.187
22 75.1 1.003
22 99.3 0.347
22 125.2 0.287
56 3.3 4.767
56 25 3.615
56 43.7 3.67
56 74.4 1.507
56 97.8 0.89
56 123.7 0.487
80 6.9 4.347
80 24.2 5.187
80 45.1 5.287
80 73.9 3.013
80 100.2 4.423
80 123.4 0.773
112 3.9 7.17
112 23.1 7.247
112 44 4.783
112 73.4 5.427
112 98.4 3.707
112 123.6 1.127
140 4.7 8.353
140 24.2 9.523
140 44.5 7.94
140 74.3 5.913
140 99.1 3.557
140 124.6 1.66
168 3.9 7.18
168 24.3 7.5
168 44.2 7.147
168 74.3 3.757
168 99.6 2.747
168 124.3 0.85
230 5.1 6.937
230 24.6 8.213
230 45.6 8
230 74.6 2.89
230 99 3.14
230 124.3 0.6
273 4.8 5.653
273 24.8 5.69
273 44.2 5.743
273 73.9 3.737
273 99.8 1.833
273 125.7 0.677
305 4.9 8.657
305 25.3 7.897
305 46.3 6.99
305 74.7 2.687
305 99.3 0.82
305 125.3 0.26
333 4.7 4.71
333 25 5.073
333 45.2 4.017
333 76 1.707
333 99.3 0.607
333 124.6 0.18
356 5 5.947
356 24.4 5.287
356 44.9 3.94
356 76.1 1.403
356 100.4 0.873
356 124.7 0.103
33 5 6.333
33 25.1 6.133
33 44.9 4.52
33 74.5 2.207
33 100.3 0.473
33 125 0.123
139 13.4 6.77
139 25.9 7.58
139 43.2 4.743
139 75.9 4.023
139 99.8 2.797
139 124.4 1.493
166 13.5 6.077
166 24.9 6.877
166 43.7 6.62
166 75.2 4.443
166 99.5 4.993
166 125.1 0.933
198 4.9 7.24
198 25.4 6.637
198 45.3 6.367
198 75 5.2
198 100.6 2.45
198 125 1.583
226 4.8 5.85
226 24.9 6.64
226 45.5 5.823
226 75.3 5.13
226 100.1 3.263
226 125.1 1.053
253 5.7 10.76
253 23.9 9.847
253 44.8 7.093
253 76.1 2.393
253 98.1 0.663
253 123.5 0.22
282 8 5.807
282 25.2 6.823
282 45.8 6.04
282 75.3 4.693
282 100.2 1.87
282 125.4 0.44
316 9.2 5.327
316 24.5 6.19
316 43.5 5.27
316 73.6 4.467
316 99 2.327
316 123.8 0.717
347 5 5.01
347 25.2 5.36
347 44.5 4.8
347 75.8 3.737
347 100.8 1.35
347 125.1 0.58
25 7.7 4.927
25 24.7 4.533
25 46.9 4.827
25 74.8 2.45
25 100.4 1.097
25 125.2 1.157
46 10.3 5.467
46 24.6 5.437
46 45.3 4.643
46 73.9 5.647
46 100.4 1.21
46 125.1 0.21
69 5.4 7.7
69 24.5 7.383
69 46.2 5.6
69 75.5 2.757
69 99.7 1.447
69 123.1 0.563
92 6.2 5.317
92 25.5 7.233
92 45 6.953
92 75.6 3.55
92 100.5 3.027
92 124.3 0.643
147 7.3 6.223
147 26.5 5.72
147 46.4 5.853
147 76.3 4.05
147 101.2 3.6
147 124.6 1.143
165 8.2 6.295
165 25 5.247
165 46 5.127
165 76.1 4.403
165 100.9 2.947
165 124.9 1.757
221 8.4 6.013
221 25.1 5.93
221 45 7.897
221 75.3 3.747
221 101.3 1.327
221 125.7 0.403
259 6.3 3.565
259 26.3 5.323
259 46.1 4.053
259 75.6 1.627
259 100.8 0.73
259 125.3 0.427
294 8.7 6.53
294 25.3 5.163
294 45.1 5.633
294 74.5 1.957
294 101.4 0.835
294 126 0.353
313 6.9 3.637
313 25 4.823
313 45.5 3.573
313 76.1 1.42
313 100.8 0.737
313 124.8 0.423
344 9 5.557
344 23.7 5.063
344 44.6 3.91
344 75 2.203
344 101 1.207
344 125.7 0.273
38 5.1 5.17
38 24.6 4.473
38 45.2 4.063
38 75.5 4.127
38 100.8 1.56
38 123.4 0.18
80 4.4 6.36
80 25 5.737
80 44.6 4.863
80 75.1 3.17
80 99.7 4.82
80 124.2 0.56
125 7.4 6.653
125 25.9 6.867
125 44.5 7.65
125 75.3 4.207
125 100.2 2.423
125 125.3 1.537
189 6.8 6.533
189 24.8 6.203
189 45.3 5.857
189 75.9 4.087
189 99.8 2.167
189 124.8 0.923
216 7.9 9.257
216 25.2 6.717
216 44.9 6.527
216 75.9 4.14
216 100.1 3.033
216 125.4 0.8
246 6.6 8.177
246 25.8 7.507
246 46 5.275
246 75.9 3.903
246 100.5 1.643
246 125.4 0.78
275 4.5 5.78
275 24.8 5.067
275 44.3 5.22
275 75.7 2.987
275 99 1.343
275 126 0.54
335 9.4 6.11
335 25 4.64
335 45 3.76
335 75.1 2.84
335 99.6 1.467
335 126.2 0.197
354 5.8 7.56
354 24 6.957
354 45.8 4.473
354 76 1.99
354 101.1 0.67
354 123.1 0.25
29 5.8 7.963
29 24.5 7.587
29 45.7 6.303
29 74.5 2.61
29 99.7 1.175
29 124.2 0.403
54 7.4 5.953
54 27.8 5.427
54 46.4 4.137
54 76.6 3.303
54 102 2.85
54 126.3 0.92
148 7.5 5.457
148 26.1 7.163
148 46 5.623
148 75.6 3.217
148 101.1 2.733
148 125.6 0.817
177 9.2 7.983
177 24.6 7.87
177 44.1 5.93
177 74.2 4.063
177 99.2 1.983
177 124.3 0.663
208 8.4 7.097
208 25.3 7.623
208 44.7 6.905
208 75 3.837
208 100.9 1.657
208 125.3 0.833
229 6.2 7.683
229 24.9 7.787
229 43.7 8.237
229 74.3 4.463
229 100.1 2.03
229 125.6 0.417
284 6 7.31
284 24.5 5.92
284 44.2 5.525
284 74.3 3.78
284 99.2 1.15
284 124.1 0.263
335 10.1 10.15
335 22.3 9.02
335 43.3 7.03
335 76.7 1.397
335 100.2 0.583
335 121.8 0.233
20 6.6 4.777
20 24.6 5.257
20 45.3 3.92
20 74.4 3.127
20 99.6 0.89
20 125.3 0.287
48 6.7 5.737
48 24.8 6.723
48 45.4 4.637
48 74.9 3.497
48 100 2.49
48 126 0.833
118 5 6.957
118 25 5.48
118 44.7 4.845
118 75 2.983
118 99.8 3.55
118 125.1 0.663
147 7.2 8.603
147 27.1 5.89
147 47 4.59
147 76.9 2.89
147 101.9 1.953
147 126.7 0.717
184 8.2 6.343
184 25.1 5.787
184 44.7 3.72
184 74.4 5.153
184 100.1 2.78
184 125.9 1.587
205 7.6 5.457
205 24.9 4.837
205 45.1 4.93
205 75.4 2.783
205 99.9 1.527
205 124.9 0.59
230 8.3 9.743
230 24.5 10.067
230 46.1 10.817
230 75 5.487
230 100.7 1.783
230 124.4 0.48
267 5.4 6.527
267 25.1 5.383
267 44.6 3.703
267 74.7 2.173
267 99.8 2.17
267 125.2 0.355
307 4.6 4.633
307 24 4.553
307 44.7 2.463
307 75.2 1.267
307 99.4 0.647
307 127 0.167
343 4.7 5.91
343 24.4 5.62
343 44.3 3.92
343 75 3.43
343 99.9 0.933
343 126.5 0.227
96 4.7 5.83
96 25.2 6.523
96 44.2 5.995
96 77.3 3.257
96 98.4 1.767
96 123.6 1.223
138 5 6.25
138 23.1 6.23
138 44.5 5.82
138 74.5 3.393
138 100.4 4.14
138 125.1 0.63
159 5.4 6.627
159 25 7.03
159 44.6 5.98
159 75.4 3.9
159 100.1 3.097
159 127.1 0.943
189 5.9 8.353
189 25.7 10.26
189 46.1 6.27
189 75.3 4.53
189 100.4 2.07
189 125.5 0.817
219 6 3.96
219 24.9 6.563
219 45.1 4.68
219 75.4 4.523
219 100.2 2.403
219 125.1 0.69
246 6.6 5.717
246 25 6.393
246 45 4.82
246 75.3 3.38
246 100.3 2.067
246 124.5 0.657
276 5.7 8.36
276 24.5 8.39
276 45.5 7.705
276 76 4.273
276 100.8 2.09
276 126 0.56
325 5.7 5.093
325 25.2 5.577
325 45 3.383
325 75.2 2.553
325 100.3 1.59
325 125.6 0.417
9 6.7 5.66
9 26.6 6.113
9 46.2 4.785
9 76.6 2.283
9 101.4 1.225
9 125.5 0.453
29 6.7 5.527
29 24.9 5.213
29 45.8 4.557
29 74.9 2.605
29 100 1.527
29 124.5 0.617
59 6.8 6.353
59 24.8 6.963
59 46.3 4.613
59 75.5 3.063
59 100.7 1.723
59 125.7 0.817
101 4.6 4.997
101 25.4 6.045
101 45.5 4.963
101 75 3.545
101 102.5 1.663
101 124.8 0.733
129 5.9 7.31
129 24.1 7.5
129 44 5.74
129 74.2 2.66
129 99.4 1.097
129 123.9 0.3
200 5.7 6.81
200 24.5 6.373
200 44.6 6.307
200 74.7 4.69
200 99.8 2.877
200 124.1 1.01
243 5.6 9.525
243 25.7 9.545
243 45.6 7.12
243 74.8 4.847
243 99.7 1.857
243 124.9 0.485
270 5.8 8.285
270 25.7 7.42
270 45.3 6.84
270 75.9 3.993
270 100.9 1.493
270 125.5 0.545
308 5.7 8.74
308 26 7.123
308 47.1 4.607
308 78.5 3.693
308 99.9 0.95
308 126.7 0.173
333 5.6 10.885
333 24.8 10.173
333 45.5 4.833
333 74.2 1.863
333 99.6 0.47
333 124.1 0.207
18 5.6 6.413
18 25.8 8.233
18 44.4 5.8
18 75.7 2.743
18 100.2 1.08
18 127.5 0.4
122 5.7 7.193
122 23.9 7.067
122 46.1 7.7
122 78.2 5.583
122 101.1 4.3
122 125.5 1.08
151 4.5 6.667
151 24.4 8.407
151 45.6 6.037
151 73.8 4.16
151 100.9 1.96
151 123.9 0.683
178 5 6.483
178 24.8 7.677
178 45.4 6.78
178 75.1 4.697
178 99.5 3.173
178 125.2 1.247
213 6.7 6.66
213 24.4 7.85
213 45.4 6.223
213 75.7 4.723
213 100.3 2.16
213 124.6 0.825
230 5.2 5.047
230 24.7 5.503
230 45.4 4.193
230 75.3 3.49
230 100.3 2.49
230 126.3 1.005
258 5.5 5.267
258 24.6 5.09
258 45.5 5.267
258 75.3 4.115
258 100.5 2.855
258 124.5 0.91
281 5.6 5.975
281 25.2 6.47
281 45.3 4.697
281 75.4 3.863
281 100.2 2.755
281 125.5 0.905
338 5.9 5.997
338 25.5 4.95
338 44.3 3.56
338 75.4 1.577
338 100.1 1.17
338 124.8 0.365
43 7.9 5.767
43 25.4 6.62
43 45.6 4.28
43 75.1 2.685
43 100 1.653
43 124.3 0.933
65 6.3 6.61
65 25 7.23
65 45.1 7.197
65 76.5 5.905
65 99.6 2.327
65 124.9 0.73
95 5.3 5.977
95 25.4 5.953
95 45.9 5.59
95 75.7 4.19
95 100 3.473
95 125.2 1.72
137 7.3 6.19
137 25 6.7
137 45.3 6.583
137 75.5 4.285
137 100.4 3.027
137 124.8 1.533
176 8 8.413
176 25.9 7.663
176 45.1 8.087
176 76.1 6.66
176 101.8 5.207
176 125.7 1.233
254 6.8 7.97
254 25.4 8.477
254 45.2 7.837
254 75.6 4.155
254 101.3 2.613
254 125.8 1.27
274 7.5 8.96
274 25.2 9.453
274 45.1 9.747
274 76 3.79
274 99.5 1.62
274 125.7 0.523
300 7.7 8.92
300 25.4 8.103
300 45.7 7.113
300 75.5 4.53
300 100.2 2.4
300 124.8 0.5
330 7.6 6.64
330 25.2 6.69
330 45.7 6.37
330 74.3 4.34
330 100.7 1.96
330 126.3 0.363
354 7.5 6.435
354 25.2 6.357
354 44.8 5.027
354 74.2 2.985
354 100.2 1.27
354 125.6 0.293
15 6.3 4.627
15 24.3 5.267
15 45.9 4.293
15 75.9 2.735
15 101.1 1.393
15 126.3 0.743
45 7.8 4.137
45 26.2 3.387
45 44.2 2.333
45 74.9 1.325
45 100.4 1.02
45 125.4 0.213
64 7 6.813
64 24.8 7.503
64 46.4 6.507
64 75.5 4.61
64 100.5 3.45
64 124.2 0.72
100 4.5 7.283
100 23.9 7.927
100 45 7.96
100 72.8 5.647
100 99.2 3.53
100 124.8 1.977
152 5.4 9.193
152 24.7 6.183
152 44.8 5.34
152 75.4 5.605
152 100.2 6.613
152 125.6 1.937
181 5.1 9.533
181 24.9 9.887
181 45.2 6.735
181 75.7 4.32
181 100 2.217
181 124.4 1.583
257 7.7 6.913
257 45.1 6.713
257 75.3 4.343
257 100.2 2.743
257 125.1 0.587
286 8 10.373
286 24.9 11.787
286 45.8 8.793
286 74.1 4.41
286 100.3 1.927
286 124.6 0.383
325 6.9 8.257
325 25.4 8.257
325 44.7 5.977
325 74.4 3.513
325 100.4 1.21
325 125.4 0.283
350 7.4 5.2
350 25.1 7.36
350 44.5 5.497
350 75.3 2.197
350 100.6 1.237
350 125.5 0.38
